Date,Open,High,Low,Close,Volume,Adj Close
2013-10-16,41.79,42.13,41.79,42.03,166600,42.03
2013-10-15,41.73,41.75,41.48,41.62,32800,41.62
2013-10-14,41.17,41.79,41.17,41.75,33600,41.75
2013-10-11,40.99,41.52,40.99,41.44,41700,41.44
2013-10-10,40.65,41.17,40.65,41.13,124000,41.13
2013-10-09,40.53,40.65,40.25,40.46,172800,40.46
2013-10-08,40.89,41.04,40.52,40.52,47800,40.52
2013-10-07,40.75,41.15,40.75,40.93,58000,40.93
2013-10-04,40.97,41.32,40.88,41.26,41200,41.26
2013-10-03,41.16,41.16,40.79,40.95,92000,40.95
2013-10-02,41.09,41.30,40.87,41.25,74000,41.25
2013-10-01,40.97,41.26,40.84,41.15,790800,41.15
2013-09-30,40.91,41.23,40.80,41.02,48000,41.02
2013-09-27,41.32,41.44,41.25,41.41,71000,41.41
2013-09-26,41.56,41.61,41.30,41.43,99900,41.43
2013-09-25,41.38,41.60,41.38,41.44,54500,41.44
2013-09-24,41.28,41.66,41.28,41.41,54800,41.41
2013-09-23,41.33,41.52,41.26,41.34,38500,41.34
2013-09-20,41.83,41.91,41.44,41.53,93900,41.53
2013-09-19,41.90,42.06,41.67,41.75,341000,41.75
2013-09-18,41.34,42.09,41.14,41.96,78700,41.96
2013-09-17,41.16,41.41,41.16,41.36,86100,41.36
2013-09-16,41.44,41.50,41.18,41.27,135600,41.27
2013-09-13,41.12,41.29,41.11,41.15,132700,41.15
2013-09-12,41.32,41.37,41.08,41.15,143700,41.15
2013-09-11,41.06,41.37,41.01,41.37,1710800,41.37
2013-09-10,41.28,41.28,40.90,41.20,50000,41.20
2013-09-09,40.90,41.21,40.89,41.17,67400,41.17
2013-09-06,40.88,41.05,40.67,40.82,64700,40.82
2013-09-05,40.65,40.82,40.60,40.72,53300,40.72
2013-09-04,40.45,40.75,40.31,40.63,65200,40.63
2013-09-03,40.57,40.65,40.23,40.41,598400,40.41
2013-08-30,40.23,40.25,39.97,40.03,41000,40.03
2013-08-29,40.56,40.66,40.19,40.21,409400,40.21
2013-08-28,40.19,40.75,40.16,40.66,127600,40.66
2013-08-27,39.82,40.17,39.71,39.91,292600,39.91
2013-08-26,40.18,40.28,39.95,40.04,69200,40.04
2013-08-23,39.83,40.19,39.80,40.14,59200,40.14
2013-08-22,39.48,39.86,39.38,39.80,80400,39.80
2013-08-21,39.45,39.59,39.15,39.28,642100,39.28
2013-08-20,39.51,39.83,39.45,39.65,51100,39.65
2013-08-19,40.00,40.00,39.47,39.49,54500,39.49
2013-08-16,40.01,40.14,39.91,40.05,24700,40.05
2013-08-15,39.82,40.10,39.81,40.08,44600,40.08
2013-08-14,40.22,40.31,40.10,40.14,70100,40.14
2013-08-13,40.16,40.29,40.01,40.23,26400,40.23
2013-08-12,40.11,40.28,40.03,40.13,50800,40.13
2013-08-09,40.26,40.36,40.11,40.31,43200,40.31
2013-08-08,40.14,40.39,39.93,40.34,179900,40.34
2013-08-07,40.03,40.18,39.93,39.93,184300,39.93
2013-08-06,40.26,40.37,40.02,40.15,132700,40.15
2013-08-05,40.31,40.40,40.15,40.34,132500,40.34
2013-08-02,40.42,40.51,40.27,40.51,69000,40.51
2013-08-01,40.37,40.65,40.37,40.60,85100,40.60
2013-07-31,40.24,40.60,40.24,40.29,66500,40.29
2013-07-30,40.48,40.49,40.07,40.24,48000,40.24
2013-07-29,40.52,40.69,40.26,40.41,128200,40.41
2013-07-26,40.76,40.81,40.50,40.79,111200,40.79
2013-07-25,40.54,40.94,40.54,40.92,34600,40.92
2013-07-24,41.02,41.03,40.53,40.69,54000,40.69
2013-07-23,41.13,41.13,40.97,41.03,37500,41.03
2013-07-22,40.86,41.09,40.86,40.98,101800,40.98
2013-07-19,40.61,40.87,40.51,40.85,73300,40.85
2013-07-18,40.21,40.58,40.21,40.47,57800,40.47
2013-07-17,40.14,40.18,40.01,40.13,52300,40.13
2013-07-16,39.95,40.03,39.68,39.92,69100,39.92
2013-07-15,39.99,40.07,39.91,40.00,45800,40.00
2013-07-12,40.00,40.00,39.75,39.94,226300,39.94
2013-07-11,39.92,40.06,39.70,39.98,118300,39.98
2013-07-10,39.38,39.56,39.28,39.30,168000,39.30
2013-07-09,39.15,39.42,39.10,39.41,53300,39.41
2013-07-08,38.85,39.18,38.83,39.00,127300,39.00
2013-07-05,38.48,38.76,38.35,38.73,52700,38.73
2013-07-03,38.44,38.57,38.27,38.51,90100,38.51
2013-07-02,38.48,38.80,38.33,38.52,186900,38.52
2013-07-01,38.52,38.78,38.43,38.50,238600,38.50
2013-06-28,38.33,38.59,38.22,38.28,234400,38.28
2013-06-27,38.45,38.68,38.43,38.46,88600,38.46
2013-06-26,38.36,38.42,38.01,38.32,212100,38.32
2013-06-25,38.04,38.15,37.74,38.07,95100,38.07
2013-06-24,38.29,38.59,37.75,38.24,158500,37.71
2013-06-21,38.98,39.10,38.42,38.94,372400,38.40
2013-06-20,39.38,39.38,38.67,38.70,146700,38.16
2013-06-19,40.45,40.51,39.82,39.83,118200,39.28
2013-06-18,40.12,40.51,40.12,40.40,123400,39.84
2013-06-17,40.08,40.36,40.00,40.21,146500,39.65
2013-06-14,40.06,40.18,39.70,39.79,119800,39.24
2013-06-13,39.51,40.28,39.46,40.26,279200,39.70
2013-06-12,40.07,40.17,39.45,39.48,107000,38.93
2013-06-11,39.90,40.08,39.74,39.83,47200,39.28
2013-06-10,40.33,40.36,40.10,40.28,51000,39.72
2013-06-07,40.02,40.37,39.94,40.28,55600,39.72
2013-06-06,39.73,40.01,39.57,40.01,83900,39.46
2013-06-05,40.12,40.25,39.77,39.78,112300,39.23
2013-06-04,40.39,40.62,40.11,40.28,96900,39.72
2013-06-03,40.24,40.61,40.21,40.58,104400,40.02
2013-05-31,40.90,40.99,40.13,40.13,1088900,39.57
2013-05-30,40.97,41.21,40.74,41.04,101900,40.47
2013-05-29,40.95,41.12,40.76,41.01,246800,40.44
2013-05-28,41.29,41.46,40.98,41.10,52500,40.53
2013-05-24,40.72,40.82,40.52,40.82,112800,40.26
2013-05-23,40.77,41.07,40.50,41.00,164700,40.43
2013-05-22,41.52,41.92,40.94,41.10,323000,40.53
2013-05-21,41.42,41.80,41.33,41.51,219700,40.94
2013-05-20,40.93,41.53,40.93,41.43,114900,40.86
2013-05-17,40.64,41.06,40.61,41.03,161900,40.46
2013-05-16,40.67,40.89,40.48,40.55,87600,39.99
2013-05-15,40.79,40.86,40.53,40.80,98300,40.24
2013-05-14,40.56,40.98,40.56,40.93,52600,40.36
2013-05-13,40.45,40.67,40.37,40.58,75500,40.02
2013-05-10,40.61,40.66,40.36,40.64,167800,40.08
2013-05-09,41.02,41.06,40.69,40.83,89600,40.27
2013-05-08,40.89,41.07,40.79,41.02,122500,40.45
2013-05-07,40.79,40.85,40.53,40.80,130200,40.24
2013-05-06,40.39,40.69,40.37,40.58,161800,40.02
2013-05-03,40.13,40.58,40.13,40.44,121700,39.88
2013-05-02,39.64,39.89,39.48,39.83,88800,39.28
2013-05-01,39.89,39.89,39.50,39.53,266200,38.98
2013-04-30,39.77,39.99,39.52,39.99,45700,39.44
2013-04-29,39.51,39.84,39.40,39.73,72000,39.18
2013-04-26,39.19,39.36,39.06,39.30,107200,38.76
2013-04-25,39.33,39.70,39.17,39.35,111100,38.81
2013-04-24,38.90,39.35,38.88,39.18,80000,38.64
2013-04-23,38.49,38.74,38.38,38.69,125000,38.15
2013-04-22,38.01,38.36,37.78,38.30,46800,37.77
2013-04-19,38.14,38.17,37.73,37.94,39100,37.42
2013-04-18,37.74,38.01,37.39,37.85,264700,37.33
2013-04-17,38.03,38.10,37.36,37.64,80400,37.12
2013-04-16,38.49,38.57,38.03,38.48,91300,37.95
2013-04-15,39.05,39.05,38.00,38.03,195500,37.50
2013-04-12,39.64,39.68,39.20,39.46,116100,38.91
2013-04-11,39.88,40.00,39.68,39.89,362800,39.34
2013-04-10,39.65,39.86,39.63,39.75,44400,39.20
2013-04-09,39.27,39.71,39.19,39.56,42700,39.01
2013-04-08,39.05,39.18,38.95,39.15,35900,38.61
2013-04-05,38.70,39.10,38.60,39.08,42200,38.54
2013-04-04,39.21,39.32,38.89,39.16,58200,38.62
2013-04-03,39.93,39.93,39.10,39.24,133100,38.70
2013-04-02,40.00,40.05,39.72,39.81,46300,39.26
2013-04-01,40.00,40.06,39.65,39.88,61400,39.33
2013-03-28,40.03,40.11,39.93,39.93,71700,39.38
2013-03-27,39.71,40.10,39.63,40.06,68100,39.51
2013-03-26,39.96,40.12,39.84,40.05,78800,39.50
2013-03-25,40.05,40.19,39.56,39.67,57900,39.12
2013-03-22,39.88,40.03,39.78,39.95,130400,39.40
2013-03-21,39.64,39.94,39.58,39.59,319300,39.04
2013-03-20,39.91,40.00,39.72,39.89,89600,39.34
2013-03-19,39.96,40.05,39.38,39.67,137800,39.12
2013-03-18,39.78,40.26,39.78,39.95,72900,39.40
2013-03-15,40.32,40.46,40.17,40.40,113200,39.84
2013-03-14,39.95,40.42,39.94,40.41,74700,39.85
2013-03-13,39.96,39.97,39.73,39.91,220600,39.36
2013-03-12,40.00,40.18,39.88,39.97,58100,39.42
2013-03-11,39.94,40.03,39.68,39.95,138100,39.40
2013-03-08,39.94,40.00,39.75,39.90,71500,39.35
2013-03-07,39.73,39.92,39.70,39.88,38800,39.33
2013-03-06,39.68,39.81,39.53,39.66,36200,39.11
2013-03-05,39.60,39.72,39.46,39.58,58400,39.03
2013-03-04,39.31,39.32,39.00,39.32,48700,38.78
2013-03-01,39.13,39.45,38.98,39.44,190500,38.89
2013-02-28,39.29,39.71,39.29,39.42,180100,38.87
2013-02-27,38.82,39.58,38.82,39.51,126500,38.96
2013-02-26,38.86,39.00,38.50,38.89,60000,38.35
2013-02-25,39.71,39.93,38.61,38.61,182100,38.08
2013-02-22,39.28,39.60,39.16,39.59,49500,39.04
2013-02-21,39.20,39.26,38.92,39.16,103800,38.62
2013-02-20,40.00,40.06,39.43,39.44,103800,38.89
2013-02-19,39.83,40.13,39.83,40.08,274000,39.53
2013-02-15,40.00,40.00,39.55,39.71,67600,39.16
2013-02-14,39.90,40.12,39.87,40.05,97100,39.50
2013-02-13,39.96,40.16,39.95,40.12,57700,39.56
2013-02-12,39.77,40.06,39.71,39.96,97200,39.41
2013-02-11,39.99,39.99,39.72,39.76,116900,39.21
2013-02-08,39.80,40.01,39.78,39.94,126100,39.39
2013-02-07,40.20,40.20,39.57,39.79,144200,39.24
2013-02-06,40.05,40.24,39.90,40.17,184600,39.61
2013-02-05,40.30,40.43,40.20,40.35,144800,39.79
2013-02-04,40.22,40.27,40.00,40.10,179700,39.55
2013-02-01,40.45,40.70,40.28,40.69,96700,40.13
2013-01-31,40.43,40.59,40.30,40.39,217200,39.83
2013-01-30,40.81,40.99,40.60,40.62,66100,40.06
2013-01-29,40.54,40.95,40.54,40.90,110400,40.33
2013-01-28,40.49,40.59,40.21,40.43,106500,39.87
2013-01-25,40.44,40.56,40.30,40.54,77700,39.98
2013-01-24,40.17,40.45,40.15,40.25,119300,39.69
2013-01-23,40.05,40.20,39.98,40.08,103500,39.53
2013-01-22,39.74,40.21,39.67,40.17,487200,39.61
2013-01-18,39.64,39.85,39.51,39.81,87500,39.26
2013-01-17,39.53,39.88,39.52,39.63,108500,39.08
2013-01-16,39.22,39.45,39.18,39.38,75900,38.84
2013-01-15,39.10,39.44,39.02,39.42,86100,38.87
2013-01-14,39.20,39.33,39.18,39.26,68000,38.72
2013-01-11,39.25,39.31,39.14,39.26,165200,38.72
2013-01-10,39.17,39.28,38.99,39.19,299800,38.65
2013-01-09,38.85,38.95,38.71,38.84,107000,38.30
2013-01-08,38.91,38.91,38.60,38.76,291000,38.22
2013-01-07,39.01,40.00,38.83,39.02,128100,38.48
2013-01-04,38.92,39.35,38.92,39.32,46000,38.78
2013-01-03,38.89,39.24,38.85,38.92,99300,38.38
2013-01-02,38.93,39.11,38.64,39.10,212400,38.56
2012-12-31,37.53,38.28,37.51,38.25,164200,37.72
2012-12-28,37.76,37.88,37.54,37.66,94300,37.14
2012-12-27,38.26,38.26,37.76,38.13,118800,37.60
2012-12-26,38.22,38.44,37.99,38.04,132300,37.51
2012-12-24,38.40,38.40,38.11,38.17,36100,37.64
2012-12-21,38.19,38.53,38.07,38.40,195800,37.87
2012-12-20,38.55,38.75,38.44,38.72,1593900,38.18
2012-12-19,38.77,38.90,38.57,38.57,110000,38.04
2012-12-18,38.19,38.78,38.14,38.71,112000,38.17
2012-12-17,37.97,38.22,37.91,38.21,96000,37.68
2012-12-14,38.46,38.56,38.32,38.50,98500,37.50
2012-12-13,38.78,38.78,38.37,38.48,144300,37.49
2012-12-12,38.75,39.10,38.67,38.74,123300,37.74
2012-12-11,38.48,38.72,38.47,38.62,87600,37.62
2012-12-10,38.41,38.54,38.31,38.44,43700,37.45
2012-12-07,38.20,38.38,38.16,38.37,74200,37.38
2012-12-06,38.13,38.25,37.99,38.24,57700,37.25
2012-12-05,37.96,38.39,37.91,38.22,57800,37.23
2012-12-04,37.99,38.21,37.96,37.99,57500,37.01
2012-12-03,38.37,38.47,38.00,38.03,93700,37.05
2012-11-30,38.24,38.39,38.09,38.23,93900,37.24
2012-11-29,38.31,38.46,37.38,38.25,64200,37.26
2012-11-28,37.53,38.20,37.36,38.20,167300,37.21
2012-11-27,38.10,38.16,37.73,37.75,56100,36.77
2012-11-26,38.03,38.16,37.92,38.12,134600,37.13
2012-11-23,38.12,38.44,38.02,38.43,30400,37.44
2012-11-21,37.79,37.92,37.70,37.84,39800,36.86
2012-11-20,37.63,37.81,37.51,37.77,94800,36.79
2012-11-19,37.36,37.85,37.36,37.80,73800,36.82
2012-11-16,36.80,37.02,36.44,36.89,196500,35.94
2012-11-15,36.90,37.17,36.74,36.91,121300,35.96
2012-11-14,37.50,37.50,36.81,36.88,86800,35.93
2012-11-13,37.30,37.81,37.26,37.36,69200,36.39
2012-11-12,37.70,37.71,37.49,37.60,60500,36.63
2012-11-09,37.35,37.95,37.28,37.62,80900,36.65
2012-11-08,38.12,38.21,37.53,37.53,344700,36.56
2012-11-07,38.55,38.65,37.92,38.13,192900,37.14
2012-11-06,38.72,39.21,38.72,39.07,57600,38.06
2012-11-05,38.44,38.74,38.28,38.63,124000,37.63
2012-11-02,39.13,39.29,38.49,38.60,109800,37.60
2012-11-01,38.72,39.17,38.72,39.11,143200,38.10
2012-10-31,38.86,39.08,38.61,38.92,269600,37.91
2012-10-26,38.82,39.07,38.72,38.92,47700,37.91
2012-10-25,38.92,39.00,38.51,38.85,496500,37.85
2012-10-24,38.89,39.06,38.60,38.66,35900,37.66
2012-10-23,39.08,39.08,38.56,38.77,126000,37.77
2012-10-22,39.87,39.90,39.37,39.69,37200,38.66
2012-10-19,40.28,40.33,39.66,39.77,126500,38.74
2012-10-18,40.19,40.48,40.19,40.36,161800,39.32
2012-10-17,40.08,40.50,40.04,40.41,68500,39.37
2012-10-16,39.57,39.91,39.57,39.86,125900,38.83
2012-10-15,39.25,39.40,38.90,39.38,93000,38.36
2012-10-12,39.35,39.38,38.96,39.19,42400,38.18
2012-10-11,39.41,39.63,39.31,39.37,43700,38.35
2012-10-10,39.32,39.38,38.94,39.04,113800,38.03
2012-10-09,39.60,39.81,39.41,39.43,161100,38.41
2012-10-08,39.39,39.63,39.38,39.59,48400,38.57
2012-10-05,39.84,39.96,39.48,39.63,77800,38.61
2012-10-04,39.51,39.76,39.44,39.65,55000,38.63
2012-10-03,39.66,39.66,39.16,39.32,98000,38.30
2012-10-02,39.84,39.84,39.54,39.71,48100,38.68
2012-10-01,39.59,39.95,39.50,39.56,617300,38.54
2012-09-28,39.63,39.63,39.23,39.33,165800,38.31
2012-09-27,39.53,39.83,39.37,39.79,48600,38.76
2012-09-26,39.50,39.50,39.22,39.33,78100,38.31
2012-09-25,40.13,40.26,39.67,39.73,155800,38.70
2012-09-24,39.92,40.11,39.90,40.00,140600,38.97
2012-09-21,40.55,40.55,40.24,40.24,51200,39.20
2012-09-20,39.84,40.20,39.62,40.13,129300,39.09
2012-09-19,40.46,40.53,40.20,40.24,84000,39.20
2012-09-18,40.58,40.71,40.33,40.48,66300,39.43
2012-09-17,41.08,41.25,40.72,40.86,202400,39.80
2012-09-14,41.07,41.54,41.00,41.23,155800,40.16
2012-09-13,39.91,40.78,39.71,40.69,201800,39.64
2012-09-12,39.86,39.97,39.72,39.77,82300,38.74
2012-09-11,39.42,39.84,39.42,39.77,54500,38.74
2012-09-10,39.42,39.63,39.31,39.33,102600,38.31
2012-09-07,39.02,39.56,39.02,39.55,67000,38.53
2012-09-06,38.28,39.10,38.28,38.91,94300,37.90
2012-09-05,38.10,38.28,38.00,38.03,56300,37.05
2012-09-04,38.53,38.53,38.12,38.31,607000,37.32
2012-08-31,38.47,38.79,38.30,38.57,212200,37.57
2012-08-30,38.34,38.38,38.10,38.14,38200,37.15
2012-08-29,38.78,38.78,38.50,38.52,72400,37.52
2012-08-28,38.64,38.83,38.62,38.74,72600,37.74
2012-08-27,38.77,38.93,38.67,38.69,61700,37.69
2012-08-24,38.47,38.84,38.30,38.73,60400,37.73
2012-08-23,38.81,38.87,38.46,38.53,114600,37.53
2012-08-22,38.80,39.00,38.58,38.98,92400,37.97
2012-08-21,39.14,39.36,38.86,38.94,85500,37.93
2012-08-20,39.07,39.07,38.83,39.04,115200,38.03
2012-08-17,39.21,39.21,39.00,39.10,45000,38.09
2012-08-16,38.81,39.18,38.70,39.15,108300,38.14
2012-08-15,38.64,38.81,38.63,38.73,47300,37.73
2012-08-14,38.80,38.90,38.64,38.71,125300,37.71
2012-08-13,38.82,38.94,38.58,38.71,56000,37.71
2012-08-10,38.57,38.95,38.42,38.89,68500,37.88
2012-08-09,38.58,38.96,38.58,38.79,37100,37.79
2012-08-08,38.52,38.82,38.44,38.61,91900,37.61
2012-08-07,38.31,38.80,38.31,38.65,40500,37.65
2012-08-06,37.92,38.16,37.87,38.02,59800,37.04
2012-08-03,37.52,38.00,37.52,37.87,46900,36.89
2012-08-02,36.93,37.20,36.51,36.79,121300,35.84
2012-08-01,37.32,37.58,37.08,37.37,62100,36.40
2012-07-31,37.51,37.67,37.15,37.15,138300,36.19
2012-07-30,37.44,37.71,37.44,37.63,42400,36.66
2012-07-27,37.06,37.71,36.91,37.58,93700,36.61
2012-07-26,36.53,36.96,36.52,36.86,454000,35.91
2012-07-25,36.06,36.16,35.74,36.10,126400,35.17
2012-07-24,36.48,36.50,35.55,35.90,155700,34.97
2012-07-23,36.06,36.61,35.84,36.51,116600,35.57
2012-07-20,36.95,36.97,36.76,36.97,53200,36.01
2012-07-19,37.00,37.20,36.91,37.14,61100,36.18
2012-07-18,36.55,36.99,36.53,36.92,73900,35.97
2012-07-17,36.52,36.73,35.96,36.70,152200,35.75
2012-07-16,36.03,36.43,35.93,36.27,50500,35.33
2012-07-13,35.71,36.25,35.71,36.19,26700,35.25
2012-07-12,35.43,35.79,35.30,35.58,125800,34.66
2012-07-11,35.49,36.01,35.49,35.91,297300,34.98
2012-07-10,35.96,36.07,35.27,35.38,145100,34.47
2012-07-09,35.90,35.90,35.56,35.77,80500,34.85
2012-07-06,36.05,36.14,35.76,35.94,132800,35.01
2012-07-05,36.65,36.77,36.41,36.49,134600,35.55
2012-07-03,36.42,37.07,36.42,36.96,189100,36.00
2012-07-02,36.16,36.38,35.97,36.33,60800,35.39
2012-06-29,35.94,36.29,35.84,36.27,202000,35.33
2012-06-28,34.63,35.03,34.40,34.99,79300,34.09
2012-06-27,34.48,34.87,34.40,34.78,112300,33.88
2012-06-26,34.12,34.42,33.89,34.35,124300,33.46
2012-06-25,34.22,34.29,33.80,34.03,114600,33.15
2012-06-22,34.85,34.89,34.46,34.77,780200,33.87
2012-06-21,35.81,36.02,34.61,34.62,118000,33.73
2012-06-20,36.04,36.35,35.81,36.11,129500,35.18
2012-06-19,36.28,36.78,36.17,36.60,204600,35.16
2012-06-18,35.95,36.05,35.73,35.97,227100,34.56
2012-06-15,35.67,36.25,35.64,36.25,121000,34.83
2012-06-14,35.06,35.61,35.01,35.46,114000,34.07
2012-06-13,35.23,35.57,34.96,35.11,145800,33.73
2012-06-12,35.15,35.52,35.02,35.50,127500,34.11
2012-06-11,35.64,35.82,34.92,34.95,132500,33.58
2012-06-08,35.02,35.34,34.83,35.34,83500,33.95
2012-06-07,35.81,36.09,35.36,35.48,380400,34.09
2012-06-06,34.65,35.41,34.65,35.41,185000,34.02
2012-06-05,33.95,34.35,33.90,34.23,82500,32.89
2012-06-04,33.98,34.15,33.56,33.98,225600,32.64
2012-06-01,33.90,34.13,33.80,33.91,243200,32.58
2012-05-31,34.89,34.94,34.15,34.72,184100,33.36
2012-05-30,35.33,35.33,34.76,34.80,118000,33.43
2012-05-29,35.76,36.18,35.65,35.89,65900,34.48
2012-05-25,35.45,35.61,35.36,35.47,98200,34.08
2012-05-24,35.69,35.69,35.16,35.47,137200,34.08
2012-05-23,35.34,35.55,34.72,35.54,305000,34.14
2012-05-22,35.81,36.14,35.43,35.65,154000,34.25
2012-05-21,35.01,35.73,35.01,35.66,157500,34.26
2012-05-18,35.28,35.48,34.82,34.90,187700,33.53
2012-05-17,35.43,35.65,35.13,35.13,134800,33.75
2012-05-16,35.71,36.17,35.43,35.47,216900,34.08
2012-05-15,36.05,36.18,35.51,35.62,141000,34.22
2012-05-14,36.34,36.35,36.05,36.12,301100,34.70
2012-05-11,36.76,37.32,36.71,36.86,126000,35.41
2012-05-10,37.16,37.41,37.03,37.09,260700,35.63
2012-05-09,36.69,37.09,36.40,36.79,340800,35.34
2012-05-08,37.35,37.50,36.69,37.27,177700,35.81
2012-05-07,37.41,37.79,37.36,37.68,227000,36.20
2012-05-04,38.11,38.21,37.54,37.63,123200,36.15
2012-05-03,39.06,39.14,38.49,38.63,151600,37.11
2012-05-02,39.21,39.23,38.99,39.14,163000,37.60
2012-05-01,39.45,39.92,39.25,39.69,182100,38.13
2012-04-30,39.00,39.35,39.00,39.29,103000,37.75
2012-04-27,39.17,39.35,39.00,39.16,84100,37.62
2012-04-26,38.57,39.16,38.47,39.08,99400,37.54
2012-04-25,38.52,38.65,38.30,38.65,52400,37.13
2012-04-24,38.15,38.37,38.06,38.23,83400,36.73
2012-04-23,37.65,38.09,37.49,38.03,191300,36.54
2012-04-20,38.50,38.64,38.24,38.25,144600,36.75
2012-04-19,38.48,38.58,38.04,38.19,365300,36.69
2012-04-18,38.38,38.61,38.32,38.39,137000,36.88
2012-04-17,38.17,38.66,38.17,38.55,216600,37.04
2012-04-16,38.09,38.20,37.71,37.85,96100,36.36
2012-04-13,38.22,38.28,37.81,37.81,87300,36.32
2012-04-12,37.79,38.54,37.73,38.48,121200,36.97
2012-04-11,38.05,38.12,37.70,37.70,245600,36.22
2012-04-10,38.34,38.42,37.43,37.47,241300,36.00
2012-04-09,38.13,38.63,38.13,38.48,157400,36.97
2012-04-05,38.80,39.18,38.71,38.80,127200,37.28
2012-04-04,39.09,39.24,38.79,38.96,149200,37.43
2012-04-03,40.09,40.10,39.34,39.67,72800,38.11
2012-04-02,39.69,40.37,39.59,40.12,727600,38.54
2012-03-30,39.61,39.79,39.44,39.78,312200,38.22
2012-03-29,39.21,39.54,38.88,39.45,286700,37.90
2012-03-28,40.00,40.04,39.33,39.61,172600,38.05
2012-03-27,40.50,40.50,40.05,40.05,333700,38.48
2012-03-26,40.50,40.65,40.44,40.63,206500,39.03
2012-03-23,39.74,40.19,39.65,40.13,256300,38.55
2012-03-22,40.02,40.05,39.58,39.69,174400,38.13
2012-03-21,40.60,40.71,40.33,40.50,110600,38.91
2012-03-20,40.84,40.95,40.66,40.75,197500,39.15
2012-03-19,41.04,41.52,41.04,41.41,166600,39.78
2012-03-16,40.92,41.23,40.78,41.10,74700,39.49
2012-03-15,40.70,40.83,40.45,40.69,204300,39.09
2012-03-14,41.11,41.21,40.65,40.73,51600,39.13
2012-03-13,40.90,41.25,40.65,41.21,337300,39.59
2012-03-12,40.76,40.81,40.50,40.69,52700,39.09
2012-03-09,40.95,41.21,40.75,40.85,106100,39.25
2012-03-08,40.72,41.19,40.72,41.03,84300,39.42
2012-03-07,40.20,40.63,40.11,40.50,1671900,38.91
2012-03-06,40.62,40.62,39.99,40.13,636400,38.55
2012-03-05,41.39,41.47,41.00,41.30,130400,39.68
2012-03-02,41.86,41.88,41.37,41.58,111600,39.95
2012-03-01,41.74,42.08,41.59,42.05,702300,40.40
2012-02-29,41.99,42.15,41.43,41.56,140100,39.93
2012-02-28,41.85,42.08,41.69,41.86,152700,40.22
2012-02-27,41.84,42.04,41.58,41.89,119900,40.24
2012-02-24,42.01,42.19,41.91,41.94,101500,40.29
2012-02-23,41.52,41.88,41.36,41.87,116700,40.23
2012-02-22,41.40,41.73,41.33,41.44,114200,39.81
2012-02-21,41.41,41.58,41.32,41.38,910400,39.75
2012-02-17,41.37,41.41,41.00,41.14,263700,39.52
2012-02-16,40.63,41.18,40.42,41.13,122500,39.51
2012-02-15,40.79,40.84,40.43,40.54,376300,38.95
2012-02-14,40.56,40.70,40.31,40.61,143800,39.01
2012-02-13,40.65,40.81,40.39,40.70,80000,39.10
2012-02-10,40.28,40.38,40.06,40.25,228800,38.67
2012-02-09,40.95,40.97,40.59,40.84,228300,39.24
2012-02-08,40.85,40.85,40.41,40.66,94400,39.06
2012-02-07,40.43,40.76,40.10,40.73,192900,39.13
2012-02-06,40.17,40.57,40.05,40.50,159300,38.91
2012-02-03,40.14,40.40,39.97,40.39,91600,38.80
2012-02-02,39.70,39.98,39.52,39.81,115400,38.25
2012-02-01,39.72,39.91,39.52,39.61,115300,38.05
2012-01-31,39.70,39.73,39.15,39.36,113600,37.81
2012-01-30,39.22,39.46,39.00,39.42,179500,37.87
2012-01-27,39.55,39.82,39.49,39.70,175700,38.14
2012-01-26,40.31,40.34,39.60,39.87,234700,38.30
2012-01-25,39.59,40.21,39.20,40.12,160400,38.54
2012-01-24,39.46,39.80,39.33,39.80,208100,38.24
2012-01-23,39.50,39.84,39.49,39.75,78600,38.19
2012-01-20,39.38,39.45,39.06,39.41,119000,37.86
2012-01-19,39.40,39.51,39.20,39.46,159800,37.91
2012-01-18,38.63,39.31,38.54,39.26,138400,37.72
2012-01-17,38.77,38.90,38.50,38.69,201000,37.17
2012-01-13,38.28,38.28,37.91,38.28,183200,36.78
2012-01-12,38.64,38.80,38.40,38.55,63200,37.04
2012-01-11,39.05,39.06,38.67,38.80,90400,37.28
2012-01-10,39.49,39.65,39.34,39.37,88900,37.82
2012-01-09,38.89,39.05,38.75,39.03,107900,37.50
2012-01-06,39.03,39.03,38.65,38.74,229000,37.22
2012-01-05,39.04,39.04,38.63,38.90,157700,37.37
2012-01-04,39.02,39.30,38.87,39.21,271100,37.67
2012-01-03,38.91,39.37,38.89,39.14,108200,37.60
2011-12-30,37.92,38.32,37.92,38.19,180900,36.69
2011-12-29,37.72,38.03,37.59,38.02,250800,36.53
2011-12-28,38.19,38.27,37.52,37.58,117000,36.10
2011-12-27,38.07,38.43,38.07,38.27,91400,36.77
2011-12-23,38.04,38.24,37.99,38.24,152300,36.74
2011-12-22,37.59,38.12,37.59,37.90,831400,36.41
2011-12-21,37.18,37.56,36.92,37.52,99800,36.05
2011-12-20,36.69,37.22,36.69,37.11,208200,35.65
2011-12-19,36.46,36.57,35.76,35.83,209600,34.42
2011-12-16,36.88,37.12,36.57,36.85,235400,34.98
2011-12-15,37.16,37.31,36.55,36.76,148700,34.90
2011-12-14,37.20,37.34,36.50,36.80,245200,34.93
2011-12-13,38.14,38.66,37.30,37.53,208100,35.63
2011-12-12,38.13,38.30,37.43,37.95,193100,36.03
2011-12-09,38.15,38.92,38.14,38.84,208500,36.87
2011-12-08,38.82,38.86,37.82,37.95,281600,36.03
2011-12-07,39.00,39.33,38.65,39.08,75600,37.10
2011-12-06,39.11,39.48,38.93,39.19,89700,37.20
2011-12-05,39.41,39.59,38.84,39.10,119100,37.12
2011-12-02,39.16,39.19,38.60,38.70,92100,36.74
2011-12-01,38.90,39.14,38.50,38.67,352200,36.71
2011-11-30,38.35,39.03,38.30,39.01,246400,37.03
2011-11-29,36.62,37.26,36.52,37.02,82000,35.14
2011-11-28,36.60,36.78,36.20,36.42,290700,34.57
2011-11-25,35.42,35.69,35.13,35.13,106700,33.35
2011-11-23,36.18,36.18,35.46,35.52,662400,33.72
2011-11-22,36.94,37.11,36.43,36.61,545900,34.75
2011-11-21,37.16,37.28,36.55,37.15,80400,35.27
2011-11-18,38.15,38.32,37.64,37.87,68500,35.95
2011-11-17,38.71,38.84,37.57,37.86,145100,35.94
2011-11-16,38.79,39.49,38.56,38.61,217600,36.65
2011-11-15,39.02,39.39,38.80,39.14,177700,37.16
2011-11-14,39.37,39.44,38.90,39.22,867000,37.23
2011-11-11,39.31,39.69,39.28,39.61,464600,37.60
2011-11-10,38.80,39.11,38.17,38.74,580400,36.78
2011-11-09,38.76,39.06,38.17,38.23,148300,36.29
2011-11-08,39.77,40.09,39.33,39.97,181300,37.94
2011-11-07,39.17,39.52,38.85,39.49,729300,37.49
2011-11-04,38.93,39.22,38.45,39.14,965400,37.16
2011-11-03,38.96,39.38,38.34,39.31,106500,37.32
2011-11-02,38.25,38.47,37.95,38.26,423700,36.32
2011-11-01,37.26,37.95,36.89,37.48,321100,35.58
2011-10-31,39.82,39.82,38.80,38.80,343100,36.83
2011-10-28,39.99,40.46,39.73,40.34,90200,38.30
2011-10-27,40.21,40.74,39.85,40.47,372300,38.42
2011-10-26,38.64,39.03,37.96,38.87,98400,36.90
2011-10-25,38.71,38.71,37.83,38.15,1029000,36.22
2011-10-24,38.22,38.71,38.08,38.69,210900,36.73
2011-10-21,37.81,38.30,37.75,38.28,213000,36.34
2011-10-20,37.32,37.63,36.74,37.40,439400,35.50
2011-10-19,37.54,37.97,37.09,37.30,1215000,35.41
2011-10-18,36.66,37.94,36.31,37.67,166600,35.76
2011-10-17,37.30,37.37,36.58,36.70,103900,34.84
2011-10-14,36.78,37.44,36.65,37.40,1138000,35.50
2011-10-13,35.86,36.30,35.52,36.15,145900,34.32
2011-10-12,36.23,36.58,35.95,36.20,108200,34.37
2011-10-11,35.35,35.93,35.35,35.78,749500,33.97
2011-10-10,35.05,35.82,35.05,35.70,190800,33.89
2011-10-07,34.83,34.90,34.09,34.34,164100,32.60
2011-10-06,33.70,34.64,33.41,34.62,179000,32.87
2011-10-05,32.94,33.96,32.63,33.85,619800,32.13
2011-10-04,31.42,32.88,30.78,32.78,353800,31.12
2011-10-03,32.82,33.03,31.97,31.97,1113100,30.35
2011-09-30,33.28,33.77,33.09,33.18,513000,31.50
2011-09-29,34.09,34.31,33.25,33.88,102600,32.16
2011-09-28,34.35,34.63,33.32,33.34,714200,31.65
2011-09-27,34.65,35.04,34.20,34.28,1225400,32.54
2011-09-26,32.91,33.82,32.32,33.80,248400,32.09
2011-09-23,32.50,33.02,32.38,32.65,114200,31.00
2011-09-22,33.17,33.26,32.23,32.84,272700,31.18
2011-09-21,35.89,35.89,34.50,34.51,182600,32.76
2011-09-20,36.17,36.53,35.81,35.85,110100,34.03
2011-09-19,35.80,36.24,35.36,35.97,123100,34.15
2011-09-16,36.83,36.98,36.37,36.66,101900,34.80
2011-09-15,36.56,36.83,36.24,36.72,274100,34.86
2011-09-14,35.80,36.49,35.18,35.96,161100,34.14
2011-09-13,35.43,35.79,35.05,35.58,195400,33.78
2011-09-12,34.72,35.44,34.47,35.42,193300,33.62
2011-09-09,36.15,36.22,35.22,35.41,124500,33.62
2011-09-08,36.80,37.27,36.45,36.63,90200,34.77
2011-09-07,36.45,37.05,36.29,37.05,142400,35.17
2011-09-06,34.93,35.91,34.78,35.84,331000,34.02
2011-09-02,36.43,36.86,36.18,36.44,223400,34.59
2011-09-01,37.61,38.10,37.35,37.43,277900,35.53
2011-08-31,37.66,38.05,37.48,37.68,458100,35.77
2011-08-30,36.88,37.52,36.61,37.28,302300,35.39
2011-08-29,36.72,37.16,36.54,37.16,98500,35.28
2011-08-26,35.26,36.35,34.84,36.15,110100,34.32
2011-08-25,36.56,36.73,35.46,35.67,275200,33.86
2011-08-24,36.20,36.59,35.90,36.44,114400,34.59
2011-08-23,35.16,36.44,35.05,36.39,274000,34.55
2011-08-22,36.03,36.05,34.80,34.88,481600,33.11
2011-08-19,34.94,35.97,34.74,34.83,306800,33.06
2011-08-18,36.30,36.42,35.15,35.52,242700,33.72
2011-08-17,37.78,38.15,37.35,37.60,136700,35.69
2011-08-16,37.45,37.75,36.96,37.35,141100,35.46
2011-08-15,37.28,38.00,37.28,37.99,259300,36.06
2011-08-12,37.15,37.15,36.48,36.67,348500,34.81
2011-08-11,35.02,36.91,34.65,36.32,379400,34.48
2011-08-10,35.44,35.98,34.50,34.62,507500,32.87
2011-08-09,35.01,36.01,33.75,36.00,1104400,34.18
2011-08-08,35.80,36.24,34.02,34.08,1158800,32.35
2011-08-05,37.66,37.95,35.73,37.25,787300,35.36
2011-08-04,39.18,39.28,37.16,37.34,856400,35.45
2011-08-03,40.43,40.43,39.36,40.05,502700,38.02
2011-08-02,41.05,41.55,40.33,40.33,374500,38.29
2011-08-01,42.35,42.49,41.09,41.47,147900,39.37
2011-07-29,41.47,41.99,41.28,41.65,239800,39.54
2011-07-28,42.01,42.42,41.86,42.02,89300,39.89
2011-07-27,42.90,42.90,42.18,42.26,182400,40.12
2011-07-26,43.28,43.50,43.00,43.15,102600,40.96
2011-07-25,42.84,43.48,42.79,43.18,209000,40.99
2011-07-22,43.28,43.44,43.03,43.41,103800,41.21
2011-07-21,42.74,43.32,42.60,43.25,286800,41.06
2011-07-20,42.48,42.52,42.26,42.37,67800,40.22
2011-07-19,41.90,42.43,41.88,42.36,122500,40.21
2011-07-18,41.56,41.75,41.36,41.62,121600,39.51
2011-07-15,41.55,41.97,41.53,41.89,281700,39.77
2011-07-14,41.74,41.91,41.19,41.26,121100,39.17
2011-07-13,41.38,42.01,41.31,41.40,132700,39.30
2011-07-12,41.15,41.58,41.07,41.13,127400,39.05
2011-07-11,41.51,41.65,41.17,41.35,738700,39.25
2011-07-08,41.95,42.38,41.95,42.38,166900,40.23
2011-07-07,42.52,42.81,42.37,42.70,372200,40.54
2011-07-06,42.13,42.28,41.80,42.16,164000,40.02
2011-07-05,42.12,42.54,42.12,42.34,537700,40.19
2011-07-01,41.79,42.20,41.27,42.17,158200,40.03
2011-06-30,41.19,41.83,41.19,41.75,154200,39.63
2011-06-29,40.76,41.23,40.56,41.04,123800,38.96
2011-06-28,39.86,40.47,39.78,40.38,184700,38.33
2011-06-27,39.09,39.79,39.07,39.54,93100,37.54
2011-06-24,39.94,39.94,39.11,39.22,674900,37.23
2011-06-23,39.72,39.93,38.98,39.92,574100,37.90
2011-06-22,40.73,40.96,40.37,40.37,67300,38.32
2011-06-21,40.30,40.86,40.17,40.66,59200,38.60
2011-06-20,39.98,40.41,39.93,40.29,109900,37.83
2011-06-17,40.64,40.64,40.05,40.24,71700,37.78
2011-06-16,40.14,40.48,39.80,40.19,663100,37.73
2011-06-15,40.79,41.09,40.06,40.21,228600,37.75
2011-06-14,41.13,41.55,41.10,41.36,252500,38.83
2011-06-13,40.53,41.21,40.19,40.53,286000,38.05
2011-06-10,41.60,41.60,40.84,40.88,118600,38.38
2011-06-09,41.52,42.04,41.46,41.80,76300,39.25
2011-06-08,41.27,41.71,41.21,41.27,127100,38.75
2011-06-07,41.61,41.81,41.25,41.25,106100,38.73
2011-06-06,42.25,42.25,41.14,41.23,206100,38.71
2011-06-03,41.64,42.35,41.30,42.04,97700,39.47
2011-06-02,42.11,42.36,41.58,42.10,238000,39.53
2011-06-01,43.04,43.20,42.02,42.11,256200,39.54
2011-05-31,43.27,43.35,42.80,43.20,346000,40.56
2011-05-27,42.74,42.89,42.39,42.57,180800,39.97
2011-05-26,42.07,42.47,41.86,42.35,117300,39.76
2011-05-25,41.39,42.17,41.23,41.97,562500,39.41
2011-05-24,41.33,41.85,41.33,41.52,237100,38.98
2011-05-23,40.85,41.17,40.43,40.88,262500,38.38
2011-05-20,42.13,42.13,41.38,41.73,129300,39.18
2011-05-19,41.98,42.18,41.60,41.88,120400,39.32
2011-05-18,41.19,41.98,41.08,41.73,135800,39.18
2011-05-17,40.85,41.13,40.50,40.99,681500,38.49
2011-05-16,40.96,41.67,40.86,40.93,169600,38.43
2011-05-13,41.80,41.82,40.85,41.35,268700,38.82
2011-05-12,41.45,41.97,40.96,41.75,194000,39.20
2011-05-11,42.85,42.85,41.58,41.78,446900,39.23
2011-05-10,42.81,43.13,42.52,42.95,217000,40.33
2011-05-09,42.24,42.85,42.16,42.62,289000,40.02
2011-05-06,42.33,42.97,41.75,42.03,197600,39.46
2011-05-05,42.51,42.74,41.56,41.91,288800,39.35
2011-05-04,43.69,43.78,42.85,43.17,306900,40.53
2011-05-03,44.62,44.77,43.57,43.89,193000,41.21
2011-05-02,45.47,45.61,44.74,44.99,115000,42.24
2011-04-29,44.96,45.42,44.85,45.41,181000,42.64
2011-04-28,44.77,44.95,44.53,44.90,180500,42.16
2011-04-27,44.78,44.99,44.24,44.90,112800,42.16
2011-04-26,44.40,44.72,44.12,44.63,152700,41.90
2011-04-25,44.56,44.68,44.08,44.41,104200,41.70
2011-04-21,44.34,44.60,44.21,44.51,118100,41.79
2011-04-20,44.01,44.25,43.78,44.16,171600,41.46
2011-04-19,42.74,43.10,42.62,43.06,221500,40.43
2011-04-18,42.89,42.92,42.16,42.68,277900,40.07
2011-04-15,43.07,43.55,43.06,43.45,275500,40.80
2011-04-14,42.95,43.40,42.70,43.28,87700,40.64
2011-04-13,43.34,43.47,42.85,43.08,603200,40.45
2011-04-12,43.90,44.00,42.78,43.09,294100,40.46
2011-04-11,45.18,45.18,44.14,44.35,169600,41.64
2011-04-08,45.26,45.26,44.72,44.93,136000,42.18
2011-04-07,44.56,44.84,44.33,44.72,351100,41.99
2011-04-06,45.22,45.24,44.55,44.76,276200,42.03
2011-04-05,44.94,45.19,44.70,44.97,337600,42.22
2011-04-04,45.10,45.10,44.75,44.93,256400,42.18
2011-04-01,44.83,44.97,44.51,44.83,101700,42.09
2011-03-31,44.56,44.75,44.36,44.42,164000,41.71
2011-03-30,44.23,44.60,44.15,44.46,112000,41.74
2011-03-29,43.75,44.14,43.46,44.05,236100,41.36
2011-03-28,43.90,44.13,43.71,43.76,186300,41.09
2011-03-25,43.80,44.13,43.65,43.87,211500,41.19
2011-03-24,43.69,43.81,43.29,43.67,277300,41.00
2011-03-23,43.40,43.53,43.04,43.38,156100,40.73
2011-03-22,43.54,43.55,43.22,43.37,137700,40.72
2011-03-21,42.99,43.44,42.75,43.44,140000,40.79
2011-03-18,42.53,42.85,42.03,42.20,257900,39.62
2011-03-17,41.61,42.43,41.61,42.13,130000,39.56
2011-03-16,41.62,41.92,40.40,40.76,558800,38.27
2011-03-15,40.45,41.94,40.35,41.69,274300,39.14
2011-03-14,41.79,42.18,41.52,42.17,422900,39.59
2011-03-11,41.13,42.33,41.11,42.10,480600,39.53
2011-03-10,42.52,42.54,41.49,41.64,600700,39.10
2011-03-09,43.25,43.47,42.92,43.07,821400,40.44
2011-03-08,43.80,43.80,43.02,43.48,210800,40.82
2011-03-07,44.55,44.70,43.58,43.72,1623400,41.05
2011-03-04,44.39,44.39,43.80,44.13,109500,41.43
2011-03-03,44.06,44.24,43.81,44.23,477300,41.53
2011-03-02,43.74,43.78,43.10,43.71,264500,41.04
2011-03-01,44.20,44.24,43.34,43.35,156000,40.70
2011-02-28,43.99,44.10,43.68,44.03,280600,41.34
2011-02-25,43.31,43.65,43.10,43.60,166000,40.94
2011-02-24,43.81,43.81,42.85,42.97,297500,40.34
2011-02-23,42.76,43.67,42.76,43.45,529600,40.80
2011-02-22,42.86,43.52,42.52,42.77,353300,40.16
2011-02-18,43.17,43.23,42.87,43.21,272500,40.57
2011-02-17,42.70,43.09,42.61,42.99,596900,40.36
2011-02-16,42.43,42.73,42.16,42.71,159300,40.10
2011-02-15,42.51,42.51,42.06,42.16,116800,39.58
2011-02-14,41.82,42.48,41.72,42.43,295200,39.84
2011-02-11,41.60,41.99,41.47,41.79,198800,39.24
2011-02-10,41.35,41.77,41.21,41.70,328800,39.15
2011-02-09,41.90,41.90,41.30,41.61,663100,39.07
2011-02-08,42.15,42.17,41.69,42.05,684500,39.48
2011-02-07,42.13,42.27,41.93,42.08,149200,39.51
2011-02-04,42.26,42.26,41.73,41.98,161900,39.42
2011-02-03,42.23,42.23,41.69,42.19,126800,39.61
2011-02-02,42.41,42.60,42.25,42.33,258700,39.74
2011-02-01,41.94,42.46,41.76,42.41,270800,39.82
2011-01-31,40.82,41.49,40.72,41.41,269800,38.88
2011-01-28,40.85,40.85,40.28,40.38,209200,37.91
2011-01-27,40.84,40.99,40.62,40.83,216500,38.34
2011-01-26,40.33,40.90,40.20,40.75,241800,38.26
2011-01-25,40.33,40.33,39.73,40.08,547700,37.63
2011-01-24,40.43,40.55,40.15,40.40,235400,37.93
2011-01-21,40.29,40.48,40.04,40.25,94000,37.79
2011-01-20,40.02,40.09,39.40,40.02,231600,37.57
2011-01-19,40.80,40.80,40.22,40.35,230300,37.88
2011-01-18,40.40,40.72,40.40,40.72,252900,38.23
2011-01-14,39.66,40.48,39.66,40.40,224100,37.93
2011-01-13,39.93,40.22,39.84,39.96,337600,37.52
2011-01-12,39.88,40.07,39.65,39.98,161600,37.54
2011-01-11,39.13,39.52,39.11,39.52,295100,37.11
2011-01-10,38.85,39.03,38.56,39.00,113300,36.62
2011-01-07,39.00,39.16,38.65,39.01,126400,36.63
2011-01-06,39.41,39.41,38.78,38.87,272800,36.50
2011-01-05,39.06,39.39,38.86,39.35,129300,36.95
2011-01-04,39.73,39.79,39.00,39.34,336000,36.94
2011-01-03,39.39,39.61,39.30,39.38,181500,36.97
2010-12-31,38.88,39.18,38.87,39.06,111500,36.67
2010-12-30,39.04,39.04,38.72,38.87,115900,36.50
2010-12-29,38.72,39.05,38.61,38.97,1080500,36.59
2010-12-28,38.56,38.60,38.40,38.58,176400,36.22
2010-12-27,38.49,38.49,38.10,38.39,154300,36.04
2010-12-23,38.35,38.49,38.20,38.45,88600,36.10
2010-12-22,38.20,38.36,38.12,38.31,100900,35.97
2010-12-21,38.11,38.20,37.89,38.10,181400,35.77
2010-12-20,37.96,38.06,37.52,37.89,199500,35.58
2010-12-17,38.06,38.06,37.75,37.90,132400,35.26
2010-12-16,37.94,38.04,37.63,38.01,470800,35.36
2010-12-15,38.09,38.19,37.71,37.83,414700,35.19
2010-12-14,38.48,38.55,38.06,38.23,608200,35.56
2010-12-13,38.11,38.52,38.07,38.27,210800,35.60
2010-12-10,37.85,37.90,37.67,37.86,123700,35.22
2010-12-09,37.94,38.02,37.48,37.73,142500,35.10
2010-12-08,37.75,38.05,37.53,37.76,151100,35.13
2010-12-07,38.25,38.42,37.72,37.77,125700,35.14
2010-12-06,37.67,37.88,37.55,37.78,226300,35.15
2010-12-03,37.10,37.65,37.10,37.62,124400,35.00
2010-12-02,36.86,37.41,36.67,37.36,197800,34.76
2010-12-01,36.50,36.80,36.35,36.71,238100,34.15
2010-11-30,35.51,36.03,35.50,35.77,123600,33.28
2010-11-29,35.73,36.11,35.41,36.00,52900,33.49
2010-11-26,35.98,36.27,35.94,36.06,50900,33.55
2010-11-24,36.24,36.53,36.18,36.48,58100,33.94
2010-11-23,36.12,36.13,35.64,35.95,97600,33.44
2010-11-22,36.81,36.83,36.15,36.80,110000,34.23
2010-11-19,36.63,37.00,36.33,37.00,74100,34.42
2010-11-18,36.45,36.93,36.43,36.76,108700,34.20
2010-11-17,35.86,36.30,35.81,36.03,769300,33.52
2010-11-16,36.52,36.52,35.67,35.97,382000,33.46
2010-11-15,37.13,37.28,36.89,36.95,408300,34.37
2010-11-12,37.35,37.47,36.78,37.02,228500,34.44
2010-11-11,37.27,37.62,37.03,37.62,335700,35.00
2010-11-10,37.16,37.45,36.75,37.40,330200,34.79
2010-11-09,37.39,37.71,36.86,37.10,160500,34.51
2010-11-08,37.22,37.40,37.06,37.26,490700,34.66
2010-11-05,37.29,37.39,37.11,37.37,318900,34.76
2010-11-04,36.96,37.31,36.74,37.24,472600,34.64
2010-11-03,36.30,36.30,35.81,36.20,3162100,33.68
2010-11-02,35.83,36.22,35.82,36.12,125300,33.60
2010-11-01,35.55,35.86,35.28,35.44,51000,32.97
2010-10-29,35.19,35.43,35.16,35.42,73900,32.95
2010-10-28,35.47,35.47,35.14,35.22,76400,32.76
2010-10-27,35.04,35.12,34.71,35.09,88900,32.64
2010-10-26,35.29,35.47,35.16,35.39,63200,32.92
2010-10-25,35.44,35.62,35.28,35.33,407700,32.87
2010-10-22,35.11,35.31,35.00,35.12,63300,32.67
2010-10-21,35.39,35.47,34.73,35.01,61300,32.57
2010-10-20,34.91,35.41,34.90,35.22,88400,32.76
2010-10-19,35.24,35.24,34.53,34.81,118800,32.38
2010-10-18,35.47,35.87,35.25,35.74,100300,33.25
2010-10-15,35.67,35.75,35.24,35.53,133600,33.05
2010-10-14,35.36,35.72,35.24,35.46,164100,32.99
2010-10-13,35.39,35.61,35.26,35.47,659100,33.00
2010-10-12,34.95,35.18,34.64,35.05,168300,32.61
2010-10-11,35.11,35.32,35.05,35.14,75400,32.69
2010-10-08,34.75,35.26,34.71,35.20,157300,32.75
2010-10-07,35.17,35.18,34.61,34.84,295700,32.41
2010-10-06,34.85,35.13,34.84,35.00,304300,32.56
2010-10-05,34.43,34.91,34.33,34.81,335000,32.38
2010-10-04,34.32,34.36,33.83,34.07,399100,31.69
2010-10-01,34.27,34.50,34.16,34.46,94500,32.06
2010-09-30,34.00,34.15,33.54,33.86,111700,31.50
2010-09-29,33.35,33.87,33.35,33.74,195900,31.39
2010-09-28,33.28,33.49,32.91,33.40,97800,31.07
2010-09-27,33.40,33.43,33.21,33.27,51700,30.95
2010-09-24,32.96,33.33,32.91,33.24,224500,30.92
2010-09-23,32.45,32.91,32.37,32.63,90000,30.36
2010-09-22,32.88,33.27,32.75,32.75,132200,30.47
2010-09-21,32.98,33.20,32.74,32.97,239900,30.67
2010-09-20,32.60,33.10,32.50,32.97,85300,30.67
2010-09-17,32.58,32.74,32.34,32.45,107000,30.19
2010-09-16,32.52,32.71,32.47,32.67,42900,30.39
2010-09-15,32.60,32.73,32.43,32.72,63700,30.44
2010-09-14,32.73,33.01,32.64,32.84,106300,30.55
2010-09-13,32.87,32.87,32.62,32.77,81000,30.49
2010-09-10,32.33,32.52,32.27,32.46,51700,30.20
2010-09-09,32.49,32.53,32.13,32.21,56900,29.96
2010-09-08,31.93,32.36,31.91,32.08,66500,29.84
2010-09-07,32.05,32.15,31.77,31.88,82400,29.66
2010-09-03,32.20,32.49,32.16,32.36,393200,30.10
2010-09-02,31.71,32.00,31.63,31.97,137400,29.74
2010-09-01,31.19,31.80,31.19,31.73,125400,29.52
2010-08-31,30.49,30.76,30.41,30.53,76100,28.40
2010-08-30,31.09,31.17,30.69,30.69,139200,28.55
2010-08-27,30.60,31.18,30.22,31.11,374200,28.94
2010-08-26,30.69,30.92,30.32,30.39,96500,28.27
2010-08-25,30.31,30.68,30.00,30.54,615000,28.41
2010-08-24,30.75,30.93,30.50,30.54,192400,28.41
2010-08-23,31.32,31.49,31.12,31.12,136800,28.95
2010-08-20,31.24,31.25,30.91,31.21,53400,29.03
2010-08-19,31.77,31.98,31.25,31.46,2235500,29.27
2010-08-18,32.36,32.36,31.80,31.98,152100,29.75
2010-08-17,32.11,32.44,31.98,32.23,102200,29.98
2010-08-16,31.52,31.89,31.44,31.76,51700,29.55
2010-08-13,31.72,31.97,31.71,31.72,129400,29.51
2010-08-12,31.62,31.94,31.48,31.76,57000,29.55
2010-08-11,32.44,32.53,31.90,31.99,65400,29.76
2010-08-10,33.00,33.27,32.71,33.16,96200,30.85
2010-08-09,33.37,33.58,33.29,33.41,59200,31.08
2010-08-06,33.24,33.46,32.91,33.23,84200,30.91
2010-08-05,33.30,33.51,33.25,33.49,132300,31.16
2010-08-04,33.32,33.60,33.28,33.50,94100,31.16
2010-08-03,33.05,33.50,33.02,33.29,289900,30.97
2010-08-02,32.80,33.35,32.80,33.25,225100,30.93
2010-07-30,31.75,32.27,31.75,32.15,149600,29.91
2010-07-29,32.34,32.68,31.91,32.18,101800,29.94
2010-07-28,32.22,32.34,32.05,32.19,742100,29.95
2010-07-27,32.72,32.72,32.12,32.34,134800,30.09
2010-07-26,32.05,32.53,31.99,32.51,726100,30.24
2010-07-23,31.85,32.14,31.59,32.09,84200,29.85
2010-07-22,31.50,32.07,31.50,31.90,66900,29.68
2010-07-21,31.77,31.77,30.89,31.06,207100,28.89
2010-07-20,30.57,31.61,30.57,31.61,49700,29.41
2010-07-19,30.99,31.32,30.86,31.08,62500,28.91
2010-07-16,31.56,31.71,30.84,30.96,72200,28.80
2010-07-15,31.73,31.93,31.24,31.84,239100,29.62
2010-07-14,31.55,31.88,31.42,31.69,54400,29.48
2010-07-13,31.92,31.97,31.64,31.73,53500,29.52
2010-07-12,31.29,31.45,31.05,31.35,184500,29.16
2010-07-09,31.05,31.31,31.00,31.24,58300,29.06
2010-07-08,31.01,31.17,30.63,31.10,52100,28.93
2010-07-07,29.73,30.73,29.73,30.73,103500,28.59
2010-07-06,29.94,30.16,29.41,29.71,116000,27.64
2010-07-02,29.52,29.65,29.02,29.26,57100,27.22
2010-07-01,29.35,29.53,28.83,29.31,234700,27.27
2010-06-30,29.49,29.80,29.14,29.25,87200,27.21
2010-06-29,30.07,30.07,29.22,29.34,136500,27.29
2010-06-28,30.76,31.03,30.44,30.46,80600,28.34
2010-06-25,30.98,31.05,30.43,30.76,158700,28.62
2010-06-24,31.21,31.40,30.67,30.80,108100,28.65
2010-06-23,31.60,31.69,31.30,31.43,65300,29.24
2010-06-22,32.26,32.40,31.55,31.55,92400,29.35
2010-06-21,33.01,33.03,32.22,32.42,119100,30.16
2010-06-18,32.63,32.93,32.50,32.85,207100,30.21
2010-06-17,32.99,32.99,32.47,32.79,198900,30.16
2010-06-16,32.51,32.91,32.24,32.79,110900,30.16
2010-06-15,32.32,32.75,32.08,32.71,45700,30.09
2010-06-14,32.15,32.51,31.80,31.86,196600,29.30
2010-06-11,31.60,32.05,31.35,32.05,98200,29.48
2010-06-10,31.16,31.83,31.03,31.79,143800,29.24
2010-06-09,31.05,31.52,30.25,30.36,161800,27.92
2010-06-08,30.42,30.97,30.11,30.90,144400,28.42
2010-06-07,31.04,31.24,30.47,30.49,118100,28.04
2010-06-04,31.59,31.79,30.60,30.82,123200,28.35
2010-06-03,31.82,32.19,31.45,32.17,430000,29.59
2010-06-02,30.63,31.67,30.55,31.67,203500,29.13
2010-06-01,31.60,31.61,30.40,30.40,637600,27.96
2010-05-28,32.28,32.42,31.56,31.61,87500,29.07
2010-05-27,31.64,32.33,31.43,32.33,83900,29.74
2010-05-26,31.15,31.30,30.52,30.65,164400,28.19
2010-05-25,29.67,30.77,29.65,30.75,199700,28.28
2010-05-24,31.00,31.42,30.68,30.71,104400,28.25
2010-05-21,30.51,31.48,28.84,31.37,394800,28.85
2010-05-20,31.39,31.69,30.83,31.00,194200,28.51
2010-05-19,32.21,32.73,31.74,32.24,189300,29.65
2010-05-18,33.53,33.63,32.36,32.51,79800,29.90
2010-05-17,33.02,33.44,32.17,32.87,194900,30.23
2010-05-14,33.50,33.70,32.77,33.12,204800,30.46
2010-05-13,34.32,34.43,33.92,33.95,198200,31.23
2010-05-12,34.03,34.43,34.00,34.35,393900,31.59
2010-05-11,33.44,34.49,33.35,33.90,321700,31.18
2010-05-10,34.35,34.86,33.75,34.06,368600,31.33
2010-05-07,33.18,33.37,32.11,32.70,331100,30.08
2010-05-06,34.18,34.34,19.26,32.56,536600,29.95
2010-05-05,34.18,34.84,33.98,34.36,164700,31.60
2010-05-04,35.51,35.51,34.62,34.88,217000,32.08
2010-05-03,36.09,36.27,35.57,36.05,366600,33.16
2010-04-30,36.32,36.32,35.74,35.84,160700,32.96
2010-04-29,36.34,36.60,36.16,36.30,137400,33.39
2010-04-28,36.21,36.42,35.89,36.26,113900,33.35
2010-04-27,36.67,36.99,35.90,35.93,173800,33.05
2010-04-26,37.35,37.35,36.96,36.97,251500,34.00
2010-04-23,36.53,37.29,36.45,37.22,135100,34.23
2010-04-22,36.48,36.69,36.10,36.67,117900,33.73
2010-04-21,36.97,37.00,36.51,36.70,96300,33.76
2010-04-20,36.52,37.09,36.50,36.91,142500,33.95
2010-04-19,36.00,36.30,35.65,36.24,172500,33.33
2010-04-16,36.93,36.93,36.07,36.34,98600,33.42
2010-04-15,36.91,37.16,36.89,37.06,92900,34.09
2010-04-14,36.88,37.06,36.69,37.01,113700,34.04
2010-04-13,36.81,36.89,36.34,36.70,123200,33.76
2010-04-12,36.87,37.00,36.78,36.81,153900,33.86
2010-04-09,36.65,36.88,36.59,36.85,59300,33.89
2010-04-08,35.87,36.46,35.70,36.40,79900,33.48
2010-04-07,36.37,36.55,35.99,36.19,130400,33.29
2010-04-06,36.52,36.71,36.36,36.55,135800,33.62
2010-04-05,36.16,36.63,36.06,36.62,104100,33.68
2010-04-01,35.78,36.09,35.75,36.09,147200,33.19
2010-03-31,35.14,35.49,34.50,35.35,98300,32.51
2010-03-30,35.05,35.25,34.99,35.13,83000,32.31
2010-03-29,34.75,35.15,34.73,35.06,57800,32.25
2010-03-26,34.52,34.77,34.35,34.65,70600,31.87
2010-03-25,35.16,35.20,34.43,34.45,95500,31.69
2010-03-24,34.97,35.15,34.85,34.91,56200,32.11
2010-03-23,35.23,35.35,34.99,35.35,63500,32.51
2010-03-22,34.76,35.22,34.60,35.14,58600,32.32
2010-03-19,35.79,35.79,34.95,35.22,105700,32.39
2010-03-18,36.00,36.03,35.47,35.70,83700,32.84
2010-03-17,35.79,36.14,35.63,35.93,105500,33.05
2010-03-16,35.41,35.67,35.21,35.66,110800,32.80
2010-03-15,35.43,35.47,34.98,35.28,69400,32.45
2010-03-12,35.73,35.85,35.47,35.56,136100,32.71
2010-03-11,35.50,35.59,35.37,35.59,86100,32.73
2010-03-10,35.27,35.60,35.18,35.53,139800,32.68
2010-03-09,34.91,35.47,34.90,35.30,165400,32.47
2010-03-08,35.33,35.39,35.02,35.26,136300,32.43
2010-03-05,34.88,35.26,34.67,35.23,126800,32.40
2010-03-04,34.80,34.81,34.36,34.59,69700,31.82
2010-03-03,34.71,34.98,34.62,34.73,85500,31.94
2010-03-02,34.47,34.65,34.30,34.50,116800,31.73
2010-03-01,33.96,34.24,33.96,34.17,111300,31.43
2010-02-26,33.84,33.95,33.49,33.85,97200,31.13
2010-02-25,33.28,33.75,33.01,33.75,127600,31.04
2010-02-24,33.72,34.06,33.63,33.94,68700,31.22
2010-02-23,34.25,34.27,33.40,33.62,240600,30.92
2010-02-22,34.73,34.84,34.27,34.37,55800,31.61
2010-02-19,34.33,34.69,34.22,34.64,54000,31.86
2010-02-18,34.43,34.75,34.25,34.65,75500,31.87
2010-02-17,34.65,34.65,34.26,34.40,79300,31.64
2010-02-16,33.95,34.63,33.92,34.54,93600,31.77
2010-02-12,33.45,33.71,33.21,33.70,94000,31.00
2010-02-11,33.18,33.88,33.07,33.88,98500,31.16
2010-02-10,33.20,33.30,32.74,33.11,440400,30.45
2010-02-09,32.91,33.60,32.78,33.24,632500,30.57
2010-02-08,32.62,33.11,32.49,32.61,108600,29.99
2010-02-05,32.79,33.03,31.92,32.76,448200,30.13
2010-02-04,34.07,34.11,32.97,32.97,278400,30.33
2010-02-03,34.44,34.78,34.30,34.46,100300,31.70
2010-02-02,34.37,34.74,34.09,34.61,190700,31.83
2010-02-01,33.73,34.29,33.65,34.19,472600,31.45
2010-01-29,34.36,34.48,33.27,33.42,223600,30.74
2010-01-28,34.63,34.66,33.66,34.12,312200,31.38
2010-01-27,34.58,34.63,33.91,34.37,255100,31.61
2010-01-26,34.42,34.97,34.35,34.52,180000,31.75
2010-01-25,34.94,35.12,34.69,34.80,202700,32.01
2010-01-22,35.19,35.31,34.35,34.59,213100,31.82
2010-01-21,36.37,36.39,35.40,35.42,162600,32.58
2010-01-20,36.55,36.56,36.02,36.34,159700,33.42
2010-01-19,36.67,37.11,36.52,36.97,186000,34.00
2010-01-15,36.98,37.04,36.51,36.79,197600,33.84
2010-01-14,37.10,37.13,36.81,37.06,229400,34.09
2010-01-13,37.09,37.14,36.59,37.03,498100,34.06
2010-01-12,37.18,37.18,36.78,37.04,617700,34.07
2010-01-11,37.66,37.83,37.33,37.61,254400,34.59
2010-01-08,37.14,37.34,36.91,37.33,107400,34.34
2010-01-07,37.24,37.31,36.83,37.19,186400,34.21
2010-01-06,36.92,37.33,36.89,37.30,243200,34.31
2010-01-05,36.90,36.99,36.71,36.98,183500,34.01
2010-01-04,36.29,36.78,36.07,36.78,138500,33.83
2009-12-31,36.04,36.19,35.22,35.68,222300,32.82
2009-12-30,35.74,35.92,35.62,35.87,116000,32.99
2009-12-29,36.23,36.31,35.93,35.97,104500,33.08
2009-12-28,36.20,36.23,35.99,36.06,167400,33.17
2009-12-24,35.69,35.99,35.69,35.97,67500,33.08
2009-12-23,35.51,36.07,35.48,35.75,116300,32.88
2009-12-22,35.05,35.54,35.05,35.38,155700,32.54
2009-12-21,34.99,35.47,34.99,35.10,149200,32.28
2009-12-18,35.38,35.57,35.00,35.18,226400,31.97
2009-12-17,35.52,35.52,35.14,35.24,92000,32.02
2009-12-16,35.52,36.06,35.47,35.83,243600,32.56
2009-12-15,35.38,35.69,35.32,35.45,165400,32.21
2009-12-14,35.67,35.77,35.31,35.57,198600,32.32
2009-12-11,35.27,35.49,35.10,35.30,156500,32.07
2009-12-10,35.43,35.44,35.06,35.24,157300,32.02
2009-12-09,35.16,35.27,34.61,35.15,214000,31.94
2009-12-08,35.63,35.63,34.80,35.09,263900,31.88
2009-12-07,35.85,36.18,35.66,35.83,109200,32.56
2009-12-04,36.73,36.84,35.66,35.94,217500,32.66
2009-12-03,36.61,36.71,36.07,36.11,173100,32.81
2009-12-02,36.80,36.90,36.45,36.56,122900,33.22
2009-12-01,36.55,36.89,36.45,36.76,169100,33.40
2009-11-30,35.92,36.31,35.71,36.04,104300,32.75
2009-11-27,35.62,36.28,35.50,36.06,121100,32.76
2009-11-25,36.83,37.11,36.53,37.10,453300,33.71
2009-11-24,36.65,36.77,36.14,36.71,101500,33.36
2009-11-23,36.74,37.00,36.43,36.51,246300,33.17
2009-11-20,36.10,36.11,35.70,36.01,201600,32.72
2009-11-19,36.67,36.79,36.05,36.40,258300,33.07
2009-11-18,37.14,37.25,36.72,36.81,1070800,33.45
2009-11-17,37.00,37.15,36.77,37.06,426400,33.67
2009-11-16,36.72,37.42,36.72,37.22,132600,33.82
2009-11-13,36.15,36.57,35.81,36.29,100000,32.97
2009-11-12,36.51,36.71,35.81,36.04,169600,32.75
2009-11-11,36.91,37.38,36.47,36.71,257100,33.36
2009-11-10,36.78,36.94,36.50,36.84,162800,33.47
2009-11-09,36.52,36.90,36.50,36.88,164700,33.51
2009-11-06,35.65,36.14,35.49,35.97,136100,32.68
2009-11-05,35.66,36.09,35.51,35.90,210900,32.62
2009-11-04,35.60,35.93,35.31,35.45,273700,32.21
2009-11-03,34.65,35.37,34.39,35.21,188400,31.99
2009-11-02,34.98,35.54,34.41,35.00,178700,31.80
2009-10-30,35.98,36.05,34.37,34.78,240600,31.60
2009-10-29,35.42,36.13,35.02,36.02,213400,32.73
2009-10-28,36.03,36.10,35.06,35.13,596500,31.92
2009-10-27,36.27,36.84,36.10,36.25,210600,32.94
2009-10-26,36.87,37.44,36.01,36.17,182800,32.86
2009-10-23,37.55,37.60,36.54,36.74,296500,33.38
2009-10-22,36.98,37.32,36.37,37.32,331200,33.91
2009-10-21,37.00,37.81,36.97,37.00,947000,33.62
2009-10-20,37.58,37.77,36.89,37.18,1334100,33.78
2009-10-19,37.19,37.67,37.00,37.53,229300,34.10
2009-10-16,36.81,37.17,36.61,37.07,488700,33.68
2009-10-15,36.39,37.15,36.09,37.04,270600,33.66
2009-10-14,36.34,36.60,36.02,36.48,276000,33.15
2009-10-13,35.75,35.79,35.23,35.70,166400,32.44
2009-10-12,35.45,35.78,35.45,35.65,138600,32.39
2009-10-09,34.85,35.27,34.85,35.15,608600,31.94
2009-10-08,34.65,35.28,34.57,35.19,186900,31.97
2009-10-07,34.28,34.47,34.04,34.47,128400,31.32
2009-10-06,33.88,34.55,33.88,34.33,131700,31.19
2009-10-05,32.92,33.67,32.83,33.51,70000,30.45
2009-10-02,32.79,33.17,32.41,32.97,99500,29.96
2009-10-01,34.08,34.08,33.08,33.16,117200,30.13
2009-09-30,34.51,34.56,33.75,34.10,165300,30.98
2009-09-29,34.36,34.48,34.06,34.31,109700,31.17
2009-09-28,33.90,34.54,33.83,34.31,110400,31.17
2009-09-25,33.91,34.33,33.70,33.99,163900,30.88
2009-09-24,34.50,34.72,33.73,33.98,145900,30.87
2009-09-23,35.28,35.30,34.47,34.52,99000,31.37
2009-09-22,35.13,35.32,34.89,35.20,123200,31.98
2009-09-21,34.44,34.71,34.00,34.60,73100,31.44
2009-09-18,35.20,35.20,34.73,34.97,77000,31.77
2009-09-17,35.21,35.40,34.81,34.95,105600,31.76
2009-09-16,35.03,35.33,34.69,35.26,197900,32.04
2009-09-15,34.41,34.62,34.06,34.59,86300,31.43
2009-09-14,33.87,34.30,33.57,34.23,155300,31.10
2009-09-11,34.18,34.50,33.87,34.19,161400,31.07
2009-09-10,33.74,34.12,33.45,34.02,164400,30.91
2009-09-09,33.54,33.85,33.29,33.49,104100,30.43
2009-09-08,33.11,33.45,33.11,33.36,92700,30.31
2009-09-04,32.03,32.54,31.94,32.40,39600,29.44
2009-09-03,31.99,32.14,31.75,32.00,56500,29.08
2009-09-02,31.56,32.04,31.56,31.83,154200,28.92
2009-09-01,32.05,32.58,31.67,31.70,99800,28.80
2009-08-31,32.40,32.44,32.07,32.33,84000,29.38
2009-08-28,33.20,33.27,32.66,32.90,84600,29.89
2009-08-27,32.76,33.11,32.19,32.99,76700,29.98
2009-08-26,32.87,33.00,32.50,32.87,102000,29.87
2009-08-25,33.33,33.56,32.85,33.01,89200,29.99
2009-08-24,33.36,33.49,33.09,33.18,206300,30.15
2009-08-21,32.49,33.09,32.45,33.05,142300,30.03
2009-08-20,31.95,32.16,31.88,32.03,144500,29.10
2009-08-19,31.08,32.07,30.87,31.82,115000,28.91
2009-08-18,30.95,31.41,30.88,31.36,99600,28.49
2009-08-17,31.08,31.25,30.66,30.84,159800,28.02
2009-08-14,32.27,32.34,31.58,31.89,74300,28.98
2009-08-13,32.06,32.24,31.80,32.17,186400,29.23
2009-08-12,31.53,32.19,31.53,31.93,87900,29.01
2009-08-11,31.89,31.89,31.39,31.56,84600,28.68
2009-08-10,32.00,32.14,31.69,31.95,154700,29.03
2009-08-07,32.43,32.43,31.90,32.06,93900,29.13
2009-08-06,32.48,32.49,31.78,32.06,109500,29.13
2009-08-05,32.71,32.71,31.99,32.38,99100,29.42
2009-08-04,32.71,32.84,32.34,32.71,142900,29.72
2009-08-03,32.02,32.98,32.02,32.79,144800,29.79
2009-07-31,31.61,32.12,31.35,31.90,86300,28.98
2009-07-30,31.74,32.13,31.65,31.84,103900,28.93
2009-07-29,31.85,31.95,31.08,31.44,149400,28.57
2009-07-28,32.20,32.34,31.53,32.14,104700,29.20
2009-07-27,32.63,32.73,32.16,32.64,85600,29.66
2009-07-24,32.24,32.49,32.01,32.47,80100,29.50
2009-07-23,31.40,32.33,31.40,32.27,107200,29.32
2009-07-22,31.36,31.75,31.23,31.35,114600,28.49
2009-07-21,31.92,31.99,31.10,31.67,221900,28.78
2009-07-20,31.36,31.54,30.93,31.44,85400,28.57
2009-07-17,30.67,30.98,30.42,30.84,66100,28.02
2009-07-16,30.37,30.78,30.15,30.59,87600,27.79
2009-07-15,30.02,30.41,29.91,30.40,104600,27.62
2009-07-14,29.11,29.35,28.92,29.27,80900,26.60
2009-07-13,28.50,28.91,28.01,28.90,73100,26.26
2009-07-10,28.35,28.49,28.05,28.48,151000,25.88
2009-07-09,28.62,28.95,28.38,28.68,102300,26.06
2009-07-08,28.36,28.76,27.68,28.26,256000,25.68
2009-07-07,29.10,29.17,28.40,28.47,61600,25.87
2009-07-06,28.81,29.25,28.53,29.25,142600,26.58
2009-07-02,30.25,30.49,29.69,29.76,104000,27.04
2009-07-01,30.96,31.47,30.72,30.72,211700,27.91
2009-06-30,31.03,31.15,30.21,30.70,94900,27.89
2009-06-29,30.22,30.98,30.22,30.92,121200,28.09
2009-06-26,30.65,30.70,30.28,30.28,100500,27.51
2009-06-25,29.84,30.64,29.73,30.61,142000,27.81
2009-06-24,30.23,30.46,29.78,29.85,98600,27.12
2009-06-23,29.67,30.07,29.35,29.93,107600,27.19
2009-06-22,30.80,31.14,29.17,29.58,482400,26.88
2009-06-19,31.60,31.96,31.29,31.53,797600,28.36
2009-06-18,31.28,31.68,31.11,31.31,740100,28.16
2009-06-17,31.79,31.79,30.97,31.51,416800,28.34
2009-06-16,32.85,32.96,31.84,32.00,1075100,28.78
2009-06-15,33.15,33.16,32.21,32.62,649300,29.34
2009-06-12,33.78,33.91,33.32,33.67,348600,30.28
2009-06-11,33.55,34.65,33.55,34.21,278700,30.77
2009-06-10,34.09,34.09,33.12,33.65,161300,30.26
2009-06-09,33.38,33.62,32.99,33.46,236100,30.09
2009-06-08,32.91,33.15,32.40,33.09,350400,29.76
2009-06-05,33.68,33.69,32.81,33.13,165400,29.79
2009-06-04,33.20,33.58,32.86,33.30,361800,29.95
2009-06-03,33.65,33.76,32.28,32.75,167200,29.45
2009-06-02,34.05,34.16,33.65,34.07,782200,30.64
2009-06-01,33.55,35.12,33.50,34.11,482600,30.68
2009-05-29,32.89,33.04,32.44,32.92,192900,29.61
2009-05-28,31.75,32.41,31.33,32.20,198100,28.96
2009-05-27,31.66,32.04,31.22,31.33,290700,28.18
2009-05-26,31.29,31.80,30.51,31.66,397700,28.47
2009-05-22,30.66,31.48,30.66,31.16,270000,28.02
2009-05-21,31.21,31.21,30.52,31.00,333300,27.88
2009-05-20,31.61,32.24,31.44,31.59,185300,28.41
2009-05-19,30.96,31.56,30.96,31.31,83900,28.16
2009-05-18,30.54,31.17,30.54,31.13,88100,28.00
2009-05-15,30.51,30.56,29.77,30.07,655300,27.04
2009-05-14,30.14,30.80,30.02,30.64,74200,27.56
2009-05-13,31.08,31.18,30.26,30.49,551600,27.42
2009-05-12,31.74,31.74,30.84,31.45,561500,28.28
2009-05-11,31.68,31.74,30.86,31.12,242500,27.99
2009-05-08,31.22,32.18,31.22,31.98,135300,28.76
2009-05-07,31.47,31.50,30.23,30.58,962700,27.50
2009-05-06,30.46,30.97,30.11,30.84,156900,27.74
2009-05-05,29.92,30.17,29.52,29.88,220900,26.87
2009-05-04,29.30,30.26,29.20,30.20,129300,27.16
2009-05-01,28.51,29.38,28.36,29.22,76600,26.28
2009-04-30,29.02,29.02,28.03,28.29,168000,25.44
2009-04-29,28.21,28.90,28.11,28.62,107900,25.74
2009-04-28,27.43,28.20,27.43,27.77,30900,24.97
2009-04-27,27.62,28.09,27.53,27.84,105300,25.04
2009-04-24,27.73,28.48,27.73,28.34,97900,25.49
2009-04-23,26.99,27.46,26.89,27.31,101100,24.56
2009-04-22,26.57,27.21,26.57,26.73,73200,24.04
2009-04-21,26.40,27.14,26.06,27.08,74700,24.35
2009-04-20,27.24,27.30,26.36,26.48,496000,23.81
2009-04-17,27.99,28.05,27.53,27.82,112400,25.02
2009-04-16,28.02,28.02,27.35,27.78,70900,24.98
2009-04-15,27.58,27.69,27.19,27.69,50600,24.90
2009-04-14,27.44,27.87,27.28,27.61,79800,24.83
2009-04-13,27.78,28.49,27.00,27.84,88300,25.04
2009-04-09,27.72,28.19,27.54,27.94,62400,25.13
2009-04-08,27.40,27.60,26.64,27.31,210800,24.56
2009-04-07,27.59,27.99,27.01,27.23,335300,24.49
2009-04-06,28.34,28.34,27.42,28.03,202300,25.21
2009-04-03,28.26,28.60,27.72,28.48,108300,25.61
2009-04-02,28.09,28.60,27.91,28.18,91500,25.34
2009-04-01,26.33,27.21,26.00,26.97,145500,24.26
2009-03-31,26.99,27.10,26.38,26.50,146000,23.83
2009-03-30,27.30,27.30,26.09,26.49,76500,23.82
2009-03-27,28.03,28.03,27.35,27.64,100400,24.86
2009-03-26,28.51,28.68,27.94,28.36,147300,25.51
2009-03-25,28.80,28.80,27.37,28.06,88000,25.24
2009-03-24,28.97,28.97,27.58,27.94,80300,25.13
2009-03-23,27.19,28.75,27.14,28.75,111300,25.86
2009-03-20,27.67,27.71,26.50,26.50,81500,23.83
2009-03-19,27.08,27.87,26.86,27.31,118200,24.56
2009-03-18,26.75,27.18,25.70,26.78,64500,24.08
2009-03-17,26.10,26.69,25.54,26.59,69200,23.91
2009-03-16,25.95,26.49,25.65,25.94,80500,23.33
2009-03-13,26.23,26.31,25.30,25.79,72700,23.19
2009-03-12,25.01,25.85,24.78,25.81,74200,23.21
2009-03-11,25.10,25.61,24.53,25.03,67800,22.51
2009-03-10,24.09,25.56,24.09,25.25,119800,22.71
2009-03-09,23.58,24.53,23.01,24.01,334500,21.59
2009-03-06,23.59,24.35,23.01,23.83,129800,21.43
2009-03-05,23.63,24.15,23.09,23.28,56000,20.94
2009-03-04,23.40,24.88,23.40,24.34,126300,21.89
2009-03-03,23.27,23.75,22.92,23.11,120400,20.78
2009-03-02,24.73,24.73,23.23,23.41,187200,21.05
2009-02-27,25.42,25.85,24.85,25.18,58200,22.65
2009-02-26,25.63,26.67,25.63,25.68,106300,23.09
2009-02-25,25.93,26.31,25.32,25.72,40500,23.13
2009-02-24,24.80,26.14,24.77,26.10,102600,23.47
2009-02-23,26.30,26.37,24.68,24.96,151400,22.45
2009-02-20,26.12,26.39,25.31,25.82,172700,23.22
2009-02-19,26.60,27.07,26.37,26.64,79300,23.96
2009-02-18,26.74,26.76,26.13,26.57,132000,23.90
2009-02-17,27.32,27.75,26.50,26.50,203600,23.83
2009-02-13,28.24,28.56,28.07,28.29,67100,25.44
2009-02-12,27.33,28.23,27.16,28.09,80600,25.26
2009-02-11,28.06,28.64,27.50,27.95,76700,25.14
2009-02-10,29.74,29.86,27.80,27.89,124900,25.08
2009-02-09,29.80,30.16,29.32,29.63,137200,26.65
2009-02-06,28.89,29.72,27.50,29.51,101900,26.54
2009-02-05,28.09,28.90,27.67,28.74,71600,25.85
2009-02-04,28.01,28.50,27.82,28.05,80100,25.23
2009-02-03,27.17,27.85,27.17,27.85,1944600,25.05
2009-02-02,27.25,27.51,27.00,27.40,78400,24.64
2009-01-30,28.64,28.64,27.50,27.73,169000,24.94
2009-01-29,28.90,28.90,27.82,28.07,128400,25.24
2009-01-28,28.95,29.14,28.25,29.10,144400,26.17
2009-01-27,28.57,28.66,27.93,28.20,222300,25.36
2009-01-26,28.27,29.00,27.34,28.43,166400,25.57
2009-01-23,26.82,28.11,26.37,27.89,200000,25.08
2009-01-22,27.88,27.88,26.54,27.24,61000,24.50
2009-01-21,27.08,28.01,26.15,27.82,166600,25.02
2009-01-20,27.92,28.02,26.50,26.57,97200,23.90
2009-01-16,28.07,28.74,27.55,28.21,105000,25.37
2009-01-15,27.59,28.77,26.61,27.83,95000,25.03
2009-01-14,28.30,29.92,27.30,27.61,146800,24.83
2009-01-13,28.37,29.05,28.20,28.89,85900,25.98
2009-01-12,29.50,29.50,28.12,28.42,313200,25.56
2009-01-09,30.55,30.55,29.32,29.67,153100,26.68
2009-01-08,30.03,30.58,29.89,30.48,103200,27.41
2009-01-07,31.00,31.29,29.78,30.12,140900,27.09
2009-01-06,31.32,31.97,31.03,31.05,192500,27.92
2009-01-05,30.61,31.46,30.33,30.86,110700,27.75
2009-01-02,29.30,30.84,29.30,30.70,89000,27.61
2008-12-31,28.92,29.90,28.42,29.26,87600,26.31
2008-12-30,28.27,29.03,27.95,28.82,132000,25.92
2008-12-29,27.72,28.49,27.51,28.02,370500,25.20
2008-12-26,27.93,28.16,27.21,27.92,68300,25.11
2008-12-24,28.29,29.22,27.00,27.62,65300,24.84
2008-12-23,27.52,28.05,27.09,27.55,137400,24.78
2008-12-22,28.63,28.84,27.04,27.50,250500,24.73
2008-12-19,29.10,29.50,28.50,28.80,206900,25.55
2008-12-18,30.95,30.95,28.65,29.26,148100,25.96
2008-12-17,30.47,31.68,30.47,30.83,154200,27.36
2008-12-16,30.26,31.40,29.92,31.32,124000,27.79
2008-12-15,29.75,30.46,29.36,30.02,109000,26.64
2008-12-12,29.59,30.22,28.52,29.62,148400,26.28
2008-12-11,30.00,31.87,29.63,29.99,608500,26.61
2008-12-10,29.05,29.94,28.47,29.87,236800,26.50
2008-12-09,27.95,29.21,27.90,28.48,293100,25.27
2008-12-08,27.20,28.78,27.20,28.22,198700,25.04
2008-12-05,26.25,27.00,25.00,27.00,180900,23.96
2008-12-04,27.78,28.04,26.23,26.48,320300,23.50
2008-12-03,27.63,28.29,27.09,28.09,195000,24.92
2008-12-02,27.42,28.81,27.08,28.42,253100,25.22
2008-12-01,29.79,30.94,27.25,27.25,193500,24.18
2008-11-28,31.50,31.99,29.82,30.44,99200,27.01
2008-11-26,28.62,31.20,28.53,30.70,397000,27.24
2008-11-25,29.25,30.13,28.59,29.40,262400,26.09
2008-11-24,27.47,29.86,27.21,28.91,173400,25.65
2008-11-21,25.11,27.08,24.75,26.86,246500,23.83
2008-11-20,26.46,27.31,24.07,24.40,161900,21.65
2008-11-19,28.38,28.96,27.00,27.00,74400,23.96
2008-11-18,28.45,29.38,27.50,28.68,96800,25.45
2008-11-17,28.24,29.43,27.76,28.43,100800,25.23
2008-11-14,28.91,30.12,28.09,28.28,84800,25.09
2008-11-13,26.74,29.60,25.63,29.60,227800,26.26
2008-11-12,28.99,28.99,26.72,27.11,78800,24.06
2008-11-11,30.13,30.13,28.69,29.31,112500,26.01
2008-11-10,31.00,31.85,29.69,30.59,76600,27.14
2008-11-07,29.20,30.51,29.14,30.42,57000,26.99
2008-11-06,30.45,31.14,28.50,28.55,125400,25.33
2008-11-05,32.12,32.50,30.63,31.00,65300,27.51
2008-11-04,31.53,32.85,31.40,32.85,90600,29.15
2008-11-03,30.43,31.00,29.91,30.29,50400,26.88
2008-10-31,30.10,31.95,29.54,30.99,84600,27.50
2008-10-30,29.90,30.77,29.11,30.57,132000,27.13
2008-10-29,28.81,30.74,28.51,29.57,123800,26.24
2008-10-28,25.79,28.56,25.02,28.22,165300,25.04
2008-10-27,25.67,26.57,24.57,24.70,79000,21.92
2008-10-24,25.76,27.05,25.00,26.38,185200,23.41
2008-10-23,26.38,27.99,25.83,27.72,167300,24.60
2008-10-22,28.26,28.58,25.60,26.29,107300,23.33
2008-10-21,30.29,30.29,28.89,29.23,218200,25.94
2008-10-20,27.89,30.76,27.89,30.60,107400,27.15
2008-10-17,27.04,29.42,26.10,27.70,173500,24.58
2008-10-16,26.04,27.48,24.54,27.29,184000,24.21
2008-10-15,29.65,29.65,26.00,26.02,128800,23.09
2008-10-14,34.00,35.82,29.00,29.96,247600,26.58
2008-10-13,26.41,29.87,26.41,29.87,52400,26.50
2008-10-10,25.00,27.12,23.50,25.88,313700,22.96
2008-10-09,30.42,31.19,27.12,27.58,490300,24.47
2008-10-08,29.86,31.81,27.68,30.36,555000,26.94
2008-10-07,31.00,33.38,30.33,30.33,237600,26.91
2008-10-06,32.95,32.95,29.70,32.01,610200,28.40
2008-10-03,34.32,36.03,33.74,33.75,255500,29.95
2008-10-02,36.30,36.30,34.13,34.18,184700,30.33
2008-10-01,37.31,37.31,35.62,36.58,177300,32.46
2008-09-30,35.30,37.71,35.01,37.71,292400,33.46
2008-09-29,38.57,38.57,34.53,35.30,206000,31.32
2008-09-26,40.00,40.00,38.20,39.67,283700,35.20
2008-09-25,38.96,41.00,38.96,40.69,261700,36.10
2008-09-24,40.29,40.39,39.52,39.58,365600,35.12
2008-09-23,40.47,41.13,39.16,39.80,776600,35.31
2008-09-22,41.09,42.05,40.66,40.86,252300,36.26
2008-09-19,38.25,41.22,38.25,41.03,213300,36.41
2008-09-18,36.65,38.69,36.58,38.26,554700,33.95
2008-09-17,37.01,38.67,36.42,37.13,444700,32.95
2008-09-16,35.32,37.95,35.32,37.95,520600,33.67
2008-09-15,38.80,38.80,37.14,37.45,278500,33.23
2008-09-12,38.49,39.77,38.41,39.60,116900,35.14
2008-09-11,37.56,38.54,37.07,38.54,110300,34.20
2008-09-10,36.73,38.49,36.73,37.88,248400,33.61
2008-09-09,38.72,38.72,36.80,36.94,153500,32.78
2008-09-08,41.41,41.41,38.90,39.23,375600,34.81
2008-09-05,39.40,39.59,38.59,39.45,177100,35.00
2008-09-04,40.93,40.93,39.31,39.75,240500,35.27
2008-09-03,40.72,41.36,40.26,40.97,143200,36.35
2008-09-02,42.45,42.45,41.00,41.15,220200,36.51
2008-08-29,44.05,44.05,43.30,43.47,47800,38.57
2008-08-28,43.73,44.17,43.19,43.73,58000,38.80
2008-08-27,43.45,44.03,42.94,43.60,81500,38.69
2008-08-26,42.18,43.10,42.18,43.10,61600,38.24
2008-08-25,42.89,43.35,41.62,42.44,78000,37.66
2008-08-22,43.75,43.75,42.80,42.87,66700,38.04
2008-08-21,43.35,44.03,43.32,43.46,103600,38.56
2008-08-20,42.01,42.87,41.62,42.69,78500,37.88
2008-08-19,40.55,41.75,40.55,41.46,158700,36.79
2008-08-18,41.05,41.75,40.54,40.70,109300,36.11
2008-08-15,41.60,41.60,40.78,41.29,89100,36.64
2008-08-14,42.23,42.50,41.65,41.93,105400,37.20
2008-08-13,41.48,42.45,41.18,42.23,111500,37.47
2008-08-12,41.76,41.93,41.07,41.39,158100,36.73
2008-08-11,41.38,41.75,40.85,41.44,95300,36.77
2008-08-08,41.67,41.70,41.01,41.70,88300,37.00
2008-08-07,42.47,43.00,42.00,42.08,130000,37.34
2008-08-06,41.61,42.87,41.61,42.87,169000,38.04
2008-08-05,41.48,41.95,40.98,41.65,219600,36.96
2008-08-04,43.40,43.42,41.18,41.81,155400,37.10
2008-08-01,43.49,44.15,43.13,43.42,329800,38.53
2008-07-31,44.91,44.91,43.62,43.87,116800,38.93
2008-07-30,42.94,44.91,42.90,44.91,178800,39.85
2008-07-29,43.61,43.61,42.81,43.26,307200,38.39
2008-07-28,43.67,44.29,43.31,43.31,87900,38.43
2008-07-25,43.41,43.95,43.20,43.47,260700,38.57
2008-07-24,43.33,44.04,42.63,43.34,378800,38.46
2008-07-23,135.24,135.24,131.07,131.37,149400,38.86
2008-07-22,137.19,137.93,134.90,135.35,138300,40.03
2008-07-21,134.90,137.26,133.93,137.18,1682700,40.57
2008-07-18,132.28,135.04,130.72,134.01,1448100,39.64
2008-07-17,134.60,136.00,130.35,132.29,302100,39.13
2008-07-16,136.31,136.31,132.48,135.33,411000,40.03
2008-07-15,141.42,141.42,137.34,137.62,180000,40.70
2008-07-14,141.23,143.35,140.97,142.43,107700,42.13
2008-07-11,142.70,143.44,140.21,141.74,83100,41.92
2008-07-10,138.73,142.00,137.76,141.99,185100,42.00
2008-07-09,141.79,143.79,139.08,139.10,345300,41.14
2008-07-08,143.59,143.80,139.63,142.27,179700,42.08
2008-07-07,146.46,147.33,142.38,144.51,761100,42.74
2008-07-03,147.83,149.17,145.14,147.05,365400,43.49
2008-07-02,153.30,154.02,146.77,146.77,288300,43.41
2008-07-01,152.14,152.33,150.05,152.30,191400,45.05
2008-06-30,151.12,153.39,150.95,152.60,89700,45.13
2008-06-27,149.59,150.55,149.05,149.89,63600,44.33
2008-06-26,152.27,152.51,146.99,147.77,114600,43.71
2008-06-25,150.32,151.30,147.49,150.18,240300,44.42
2008-06-24,150.66,151.25,149.60,149.67,63000,44.27
2008-06-23,147.53,151.50,147.53,151.50,117000,44.81
2008-06-20,150.66,151.05,148.10,148.39,89400,43.53
2008-06-19,153.91,154.14,150.30,150.48,156000,44.15
2008-06-18,153.14,153.45,151.71,152.94,123600,44.87
2008-06-17,151.72,154.16,151.72,154.00,348300,45.18
2008-06-16,152.46,152.56,151.53,151.64,60900,44.49
2008-06-13,149.58,150.99,147.45,150.90,712800,44.27
2008-06-12,151.66,151.66,149.35,150.00,126000,44.01
2008-06-11,153.40,153.40,151.71,152.50,65100,44.74
2008-06-10,153.76,153.76,149.89,151.27,126900,44.38
2008-06-09,154.13,155.99,153.08,154.87,49800,45.43
2008-06-06,154.68,156.71,152.20,152.20,250500,44.65
2008-06-05,148.31,153.57,148.31,153.57,156300,45.05
2008-06-04,150.00,150.47,147.59,148.26,192900,43.50
2008-06-03,153.35,154.37,150.87,151.26,116400,44.38
2008-06-02,153.28,154.53,152.43,153.31,1111500,44.98
2008-05-30,153.37,154.67,153.37,153.90,714600,45.15
2008-05-29,155.41,156.49,153.34,153.34,762000,44.99
2008-05-28,153.09,156.07,152.03,156.07,173100,45.79
2008-05-27,155.98,155.98,153.88,154.59,68400,45.35
2008-05-23,159.41,159.68,155.74,156.95,136800,46.04
2008-05-22,161.65,161.65,158.30,159.16,151800,46.69
2008-05-21,162.23,163.72,160.00,160.33,640200,47.04
2008-05-20,159.42,160.36,158.90,160.24,85200,47.01
2008-05-19,158.14,159.87,157.99,158.88,49200,46.61
2008-05-16,154.73,157.10,154.73,156.75,576600,45.99
2008-05-15,151.80,152.82,150.50,152.80,142200,44.83
2008-05-14,151.49,152.62,150.50,150.73,81900,44.22
2008-05-13,150.51,151.36,149.38,151.17,111300,44.35
2008-05-12,150.50,151.42,149.49,151.01,67500,44.30
2008-05-09,150.16,150.83,148.79,150.42,491400,44.13
2008-05-08,148.98,150.61,148.64,150.60,277200,44.18
2008-05-07,150.49,151.00,148.33,148.43,413700,43.55
2008-05-06,147.50,150.39,147.50,150.13,651000,44.04
2008-05-05,145.50,147.00,145.50,146.70,137100,43.04
2008-05-02,145.19,145.77,144.54,145.20,918600,42.60
2008-05-01,144.81,144.81,141.29,143.77,201900,42.18
2008-04-30,144.98,146.55,144.46,145.92,1144200,42.81
2008-04-29,145.69,146.48,144.57,144.57,50100,42.41
2008-04-28,145.67,146.55,145.07,145.07,226200,42.56
2008-04-25,145.14,145.66,144.15,145.41,136500,42.66
2008-04-24,146.09,146.09,143.08,144.65,170400,42.44
2008-04-23,147.35,147.68,146.19,146.94,75600,43.11
2008-04-22,147.36,148.35,146.69,147.18,192900,43.18
2008-04-21,146.00,147.68,145.90,147.57,1051200,43.29
2008-04-18,144.04,145.43,143.63,145.43,1178400,42.66
2008-04-17,142.72,144.12,142.48,143.51,139800,42.10
2008-04-16,141.51,144.10,141.06,144.08,123000,42.27
2008-04-15,139.72,140.40,139.03,140.29,72300,41.16
2008-04-14,136.44,138.58,136.44,138.58,153300,40.66
2008-04-11,137.33,137.98,136.03,136.03,103200,39.91
2008-04-10,137.75,138.48,136.97,138.43,88200,40.61
2008-04-09,137.11,138.50,137.11,137.60,174600,40.37
2008-04-08,135.59,137.32,135.59,136.64,71100,40.09
2008-04-07,136.81,137.89,135.72,135.82,60000,39.85
2008-04-04,134.11,136.33,134.11,135.46,144300,39.74
2008-04-03,132.82,135.10,132.82,133.96,48000,39.30
2008-04-02,131.06,134.01,131.06,133.42,44400,39.14
2008-04-01,129.29,131.51,128.73,131.44,87600,38.56
2008-03-31,129.35,130.57,128.48,129.54,96000,38.00
2008-03-28,129.70,130.74,128.32,128.93,35100,37.82
2008-03-27,130.77,131.50,129.04,129.04,57900,37.86
2008-03-26,127.62,130.52,127.62,129.81,499500,38.08
2008-03-25,127.25,127.88,125.96,127.79,107400,37.49
2008-03-24,124.39,127.90,124.39,126.44,73500,37.09
2008-03-20,123.92,124.87,121.68,124.42,231600,36.50
2008-03-19,131.40,131.40,124.64,124.97,99000,36.66
2008-03-18,129.25,132.00,129.25,132.00,66000,38.72
2008-03-17,128.82,129.71,126.00,128.72,108300,37.76
2008-03-14,134.73,134.73,130.47,131.95,104100,38.71
2008-03-13,131.95,134.70,131.33,134.27,107400,39.39
2008-03-12,134.79,134.81,132.81,133.27,60000,39.10
2008-03-11,131.74,134.79,131.40,134.79,105000,39.54
2008-03-10,131.25,132.02,128.97,129.11,65700,37.88
2008-03-07,132.10,132.55,129.48,130.44,57600,38.27
2008-03-06,135.03,135.52,132.85,132.91,1249800,38.99
2008-03-05,132.87,135.50,132.87,135.38,76200,39.72
2008-03-04,133.32,134.20,130.94,133.41,149100,39.14
2008-03-03,133.38,135.50,132.95,134.23,364500,39.38
2008-02-29,137.59,137.59,133.24,133.78,33000,39.25
2008-02-28,135.91,138.51,135.91,137.87,121500,40.45
2008-02-27,136.07,137.51,136.00,136.38,127200,40.01
2008-02-26,136.00,137.51,133.78,136.96,65400,40.18
2008-02-25,132.61,135.24,132.51,135.10,109800,39.63
2008-02-22,131.26,131.99,129.52,131.95,55200,38.71
2008-02-21,132.20,132.37,130.19,130.38,55800,38.25
2008-02-20,130.05,133.25,129.84,132.47,82200,38.86
2008-02-19,131.43,132.50,130.75,131.11,271200,38.46
2008-02-15,128.92,129.24,127.23,128.89,62700,37.81
2008-02-14,129.94,130.56,128.96,129.00,63000,37.84
2008-02-13,127.46,129.28,127.21,128.81,50100,37.79
2008-02-12,126.46,128.10,125.33,126.15,89100,37.01
2008-02-11,123.54,125.52,122.66,125.52,52800,36.82
2008-02-08,120.18,123.59,119.56,123.59,67800,36.26
2008-02-07,120.61,123.14,120.00,121.93,140100,35.77
2008-02-06,123.14,123.98,120.91,120.92,90600,35.47
2008-02-05,125.59,126.14,122.04,122.37,375900,35.90
2008-02-04,127.88,128.00,126.70,127.56,254400,37.42
2008-02-01,125.93,127.44,125.87,127.26,72000,37.33
2008-01-31,123.81,126.34,122.45,125.33,159300,36.77
2008-01-30,125.42,128.03,124.50,125.35,104100,36.77
2008-01-29,125.16,126.23,124.58,125.95,63300,36.95
2008-01-28,122.36,125.25,121.97,124.43,433200,36.50
2008-01-25,128.90,128.90,123.06,123.63,89700,36.27
2008-01-24,122.03,125.48,121.83,124.90,185700,36.64
2008-01-23,116.46,120.82,113.45,120.27,868800,35.28
2008-01-22,116.30,122.65,115.34,122.00,698700,35.79
2008-01-18,126.07,127.20,122.60,125.43,165600,36.80
2008-01-17,130.05,130.75,124.37,124.66,481200,36.57
2008-01-16,132.39,132.68,128.39,128.89,968400,37.81
2008-01-15,137.19,137.19,133.33,133.72,216900,39.23
2008-01-14,137.86,138.50,137.30,138.11,135600,40.52
2008-01-11,138.20,138.29,136.41,137.08,267000,40.22
2008-01-10,139.07,139.52,137.17,139.12,176400,40.81
2008-01-09,137.86,140.17,137.86,139.98,55500,41.07
2008-01-08,141.33,141.76,138.37,138.37,53100,40.59
2008-01-07,142.15,142.56,139.62,140.51,148500,41.22
2008-01-04,143.96,143.96,140.62,140.80,73500,41.31
2008-01-03,143.96,144.68,143.62,143.97,66900,42.24
2008-01-02,142.49,143.51,142.00,142.53,83400,41.81
2007-12-31,142.67,143.22,141.38,141.88,66300,41.62
2007-12-28,142.61,143.37,142.40,142.90,106200,41.92
2007-12-27,142.10,142.82,141.66,141.70,89400,41.57
2007-12-26,141.40,142.64,141.09,142.30,66900,41.75
2007-12-24,144.62,144.62,140.10,140.83,103200,41.32
2007-12-21,138.79,143.05,138.79,143.05,96600,41.15
2007-12-20,141.35,141.35,139.00,140.20,47700,40.33
2007-12-19,137.09,139.69,137.09,138.81,216900,39.93
2007-12-18,138.06,138.99,135.85,137.64,808800,39.59
2007-12-17,138.88,138.88,136.62,136.71,543900,39.33
2007-12-14,143.54,143.54,139.69,139.69,189600,40.18
2007-12-13,141.94,142.44,140.64,142.44,57900,40.97
2007-12-12,142.66,143.16,141.10,142.67,140700,41.04
2007-12-11,142.40,142.69,138.59,138.86,131400,39.94
2007-12-10,141.38,142.18,141.17,141.61,45900,40.74
2007-12-07,141.20,141.99,140.66,141.23,133200,40.63
2007-12-06,139.35,142.08,139.35,141.98,165900,40.84
2007-12-05,138.13,139.50,138.13,139.11,69600,40.02
2007-12-04,136.07,136.77,136.01,136.20,41400,39.18
2007-12-03,138.62,138.62,136.04,136.88,80700,39.38
2007-11-30,137.04,137.84,136.18,137.35,96300,39.51
2007-11-29,137.57,137.57,135.43,136.66,43500,39.31
2007-11-28,136.50,136.58,134.31,136.34,52500,39.22
2007-11-27,134.94,134.94,131.96,134.07,686700,38.57
2007-11-26,136.00,138.87,134.44,134.60,593400,38.72
2007-11-23,135.39,137.94,135.39,137.45,24600,39.54
2007-11-21,138.60,138.60,135.92,135.92,116400,39.10
2007-11-20,133.00,138.59,133.00,138.22,78600,39.76
2007-11-19,136.37,136.39,133.61,133.99,57600,38.54
2007-11-16,136.18,136.88,135.00,136.37,57900,39.23
2007-11-15,138.55,138.55,132.92,134.05,95400,38.56
2007-11-14,138.90,139.64,136.70,137.40,135000,39.52
2007-11-13,134.68,137.50,134.19,137.50,138000,39.55
2007-11-12,139.50,139.50,134.65,135.01,130800,38.84
2007-11-09,143.13,143.80,140.46,141.09,123300,40.59
2007-11-08,143.97,145.00,141.42,143.81,82800,41.37
2007-11-07,145.17,146.24,141.72,142.03,141900,40.86
2007-11-06,142.99,145.07,142.99,145.07,55200,41.73
2007-11-05,140.74,142.12,140.20,141.53,113700,40.71
2007-11-02,141.89,142.97,140.66,142.73,78600,41.06
2007-11-01,143.07,143.41,140.74,140.93,146100,40.54
2007-10-31,142.50,145.17,142.11,144.44,151500,41.55
2007-10-30,144.71,144.71,141.92,142.11,93300,40.88
2007-10-29,144.62,146.04,144.62,145.38,82800,41.82
2007-10-26,143.33,144.19,143.08,143.86,168900,41.38
2007-10-25,141.25,142.03,140.26,141.31,150000,40.65
2007-10-24,140.79,141.03,138.45,140.58,163500,40.44
2007-10-23,139.35,140.02,138.11,139.50,115200,40.13
2007-10-22,137.28,138.10,136.15,138.06,135900,39.71
2007-10-19,143.50,143.50,139.54,139.54,83700,40.14
2007-10-18,143.91,144.83,143.35,144.76,55800,41.64
2007-10-17,144.49,144.87,142.48,144.16,85200,41.47
2007-10-16,143.56,144.31,143.18,143.96,70200,41.41
2007-10-15,143.96,144.57,142.97,143.24,76800,41.20
2007-10-12,140.70,142.31,140.36,141.96,145800,40.84
2007-10-11,140.32,142.50,138.82,140.03,125400,40.28
2007-10-10,137.84,139.94,137.33,139.54,134100,40.14
2007-10-09,136.99,138.61,136.62,138.57,58800,39.86
2007-10-08,136.68,136.80,135.81,136.12,72000,39.16
2007-10-05,136.36,137.87,136.36,137.29,151500,39.49
2007-10-04,135.51,136.74,134.41,136.56,80400,39.28
2007-10-03,137.08,137.12,135.30,135.41,382500,38.95
2007-10-02,138.25,138.25,136.13,137.86,671400,39.66
2007-10-01,140.06,140.06,137.76,139.43,139200,40.11
2007-09-28,138.92,139.41,137.50,138.04,51300,39.71
2007-09-27,137.36,138.95,137.31,138.77,688200,39.92
2007-09-26,138.12,138.99,136.00,137.53,383700,39.56
2007-09-25,136.10,137.06,135.84,137.06,53400,39.43
2007-09-24,138.78,139.08,138.03,138.44,63300,39.82
2007-09-21,138.51,139.43,138.51,138.80,76800,39.93
2007-09-20,137.80,138.26,137.49,137.85,87000,39.65
2007-09-19,137.90,138.34,136.77,137.32,106800,39.50
2007-09-18,132.99,136.85,132.44,136.73,97500,39.33
2007-09-17,132.43,133.13,131.72,132.25,54900,38.04
2007-09-14,132.07,133.42,131.43,132.79,42600,38.20
2007-09-13,132.17,133.71,132.17,133.11,177600,38.29
2007-09-12,130.10,132.31,130.10,131.82,135000,37.92
2007-09-11,129.28,130.84,128.18,130.50,76200,37.54
2007-09-10,129.20,129.31,126.64,128.54,108600,36.98
2007-09-07,129.51,129.51,128.19,129.20,152100,37.17
2007-09-06,130.02,130.91,129.52,130.45,107400,37.53
2007-09-05,129.43,129.71,128.42,129.20,102600,37.17
2007-09-04,127.40,130.43,127.40,129.60,69300,37.28
2007-08-31,127.32,128.32,127.16,127.22,42900,36.60
2007-08-30,124.40,126.29,124.23,125.71,98400,36.16
2007-08-29,122.94,125.79,122.55,125.21,113700,36.02
2007-08-28,124.10,124.26,121.57,121.70,52800,35.01
2007-08-27,125.81,126.11,124.60,125.02,131700,35.96
2007-08-24,124.13,126.30,124.13,126.30,44100,36.33
2007-08-23,123.51,124.00,122.46,123.44,102300,35.51
2007-08-22,122.61,123.37,121.81,122.86,160200,35.34
2007-08-21,121.48,122.06,119.83,120.88,81300,34.77
2007-08-20,121.70,122.54,119.89,122.18,115500,35.15
2007-08-17,121.65,122.36,119.50,121.88,102900,35.06
2007-08-16,115.40,117.97,113.92,117.92,578100,33.92
2007-08-15,120.53,123.02,119.02,119.02,154500,34.24
2007-08-14,124.22,124.71,122.00,122.22,117900,35.16
2007-08-13,125.77,125.77,123.44,123.94,94800,35.65
2007-08-10,120.91,124.70,120.82,123.96,123000,35.66
2007-08-09,124.73,126.75,123.80,124.02,208500,35.68
2007-08-08,126.36,129.16,126.00,127.92,305400,36.80
2007-08-07,122.62,126.76,122.45,125.90,125700,36.22
2007-08-06,123.43,123.55,120.64,123.12,2659800,35.42
2007-08-03,127.42,127.42,122.97,123.10,106800,35.41
2007-08-02,127.25,127.94,125.57,127.16,165900,36.58
2007-08-01,129.48,129.67,125.31,128.49,194700,36.96
2007-07-31,130.44,131.24,128.29,128.29,129900,36.90
2007-07-30,128.00,129.43,126.50,129.10,108000,37.14
2007-07-27,129.49,130.16,125.90,127.80,220500,36.76
2007-07-26,132.50,132.93,127.45,129.99,293700,37.39
2007-07-25,134.21,134.97,131.57,134.47,478200,38.68
2007-07-24,135.54,135.75,132.81,133.40,200100,38.37
2007-07-23,137.10,137.94,136.51,137.49,126900,39.55
2007-07-20,137.98,138.09,136.12,136.86,65100,39.37
2007-07-19,137.50,138.24,137.36,138.15,98100,39.74
2007-07-18,134.96,137.20,134.96,137.08,44400,39.43
2007-07-17,136.84,136.96,134.95,135.44,106800,38.96
2007-07-16,137.09,137.33,135.00,136.15,212700,39.17
2007-07-13,137.11,138.48,137.11,137.95,158400,39.68
2007-07-12,135.43,137.14,135.35,137.14,72000,39.45
2007-07-11,133.36,134.67,133.16,134.31,237600,38.64
2007-07-10,134.01,135.51,133.61,134.13,173100,38.58
2007-07-09,134.32,135.65,134.32,135.34,62700,38.93
2007-07-06,133.46,134.27,133.00,133.96,335400,38.54
2007-07-05,132.43,132.99,131.02,132.26,236400,38.05
2007-07-03,132.10,132.64,131.89,132.48,48600,38.11
2007-07-02,130.39,131.80,130.39,131.80,67500,37.91
2007-06-29,129.79,130.40,128.52,129.33,64800,37.20
2007-06-28,127.98,129.40,127.98,128.58,110700,36.99
2007-06-27,125.01,127.77,125.00,127.68,115500,36.73
2007-06-26,128.39,128.45,126.32,126.32,1022700,36.34
2007-06-25,128.81,129.53,127.71,128.16,266400,36.87
2007-06-22,129.90,129.95,127.75,129.00,127800,37.11
2007-06-21,128.24,130.14,128.24,129.92,125100,37.37
2007-06-20,131.70,131.70,127.69,127.74,181200,36.75
2007-06-19,130.34,131.23,130.04,130.49,123600,37.54
2007-06-18,130.40,130.90,130.06,130.53,121800,37.55
2007-06-15,129.25,130.29,129.25,129.94,161400,37.38
2007-06-14,126.78,128.59,126.13,128.08,183000,36.84
2007-06-13,124.13,126.02,124.12,125.57,100200,36.12
2007-06-12,125.44,125.44,123.46,123.64,162000,35.57
2007-06-11,123.63,125.67,123.63,124.92,409200,35.93
2007-06-08,124.59,124.78,123.00,124.62,191100,35.85
2007-06-07,125.43,126.42,123.63,123.63,1658700,35.56
2007-06-06,127.35,127.35,125.23,125.83,143700,36.20
2007-06-05,127.06,127.57,126.35,127.05,108000,36.55
2007-06-04,125.83,127.61,125.83,127.45,148500,36.66
2007-06-01,124.99,126.12,124.99,126.10,111600,36.27
2007-05-31,124.65,125.72,124.28,124.73,174000,35.88
2007-05-30,122.11,124.81,122.11,124.81,66000,35.90
2007-05-29,124.30,124.30,122.77,123.20,173700,35.44
2007-05-25,123.31,124.39,123.31,124.36,123000,35.77
2007-05-24,125.30,125.63,122.57,123.03,299700,35.39
2007-05-23,125.30,125.99,124.66,125.00,185100,35.96
2007-05-22,125.60,125.93,124.32,124.32,97500,35.76
2007-05-21,125.24,126.09,124.75,125.43,229800,36.08
2007-05-18,123.79,124.43,123.37,124.11,74100,35.70
2007-05-17,120.89,122.70,120.25,122.39,250800,35.21
2007-05-16,120.07,120.54,119.08,120.51,71400,34.67
2007-05-15,119.95,120.91,119.59,120.10,101100,34.55
2007-05-14,119.98,120.07,119.41,119.99,1058100,34.52
2007-05-11,117.93,119.60,117.93,119.60,69600,34.40
2007-05-10,119.41,119.41,117.25,117.47,267300,33.79
2007-05-09,119.02,119.72,118.57,119.40,133200,34.35
2007-05-08,119.16,119.80,118.08,119.49,121200,34.37
2007-05-07,119.37,120.13,119.37,119.75,115500,34.45
2007-05-04,120.00,120.85,119.08,119.63,218100,34.41
2007-05-03,118.72,119.68,118.50,119.53,78900,34.38
2007-05-02,117.40,118.33,117.22,118.09,90000,33.97
2007-05-01,116.37,117.08,116.08,116.87,129300,33.62
2007-04-30,117.90,118.37,116.42,116.55,154500,33.53
2007-04-27,117.05,118.06,116.99,117.76,96000,33.88
2007-04-26,117.90,118.25,117.28,118.01,404100,33.95
2007-04-25,117.00,118.82,116.96,118.38,119700,34.05
2007-04-24,116.80,116.97,115.85,116.46,98400,33.50
2007-04-23,116.30,117.73,116.30,116.90,89700,33.63
2007-04-20,115.84,116.85,115.84,116.79,96300,33.60
2007-04-19,115.42,115.55,114.84,114.91,55800,33.06
2007-04-18,116.30,116.57,115.91,116.45,75300,33.50
2007-04-17,117.10,117.48,116.20,116.84,71100,33.61
2007-04-16,116.13,117.00,115.90,116.85,131100,33.61
2007-04-13,115.99,116.44,115.55,116.44,96900,33.50
2007-04-12,114.00,115.59,113.90,115.50,129300,33.23
2007-04-11,114.18,114.65,113.53,113.58,66900,32.67
2007-04-10,112.95,114.20,112.95,114.18,90300,32.85
2007-04-09,112.87,113.84,112.65,112.87,127500,32.47
2007-04-05,112.83,113.35,112.82,113.29,120900,32.59
2007-04-04,111.76,112.98,111.38,112.63,95700,32.40
2007-04-03,111.73,112.79,111.47,112.44,30300,32.34
2007-04-02,111.73,112.11,111.19,111.70,1513200,32.13
2007-03-30,112.33,112.33,111.27,111.45,95400,32.06
2007-03-29,112.45,112.70,111.91,112.69,92400,32.42
2007-03-28,112.10,112.30,111.15,111.40,64500,32.05
2007-03-27,110.85,111.36,110.64,111.09,59700,31.96
2007-03-26,110.95,111.45,110.00,111.36,105600,32.03
2007-03-23,109.65,110.37,109.61,110.22,814800,31.71
2007-03-22,108.54,109.50,108.10,109.06,36600,31.37
2007-03-21,106.01,108.30,106.01,107.95,111000,31.05
2007-03-20,105.29,105.84,104.62,105.83,27000,30.44
2007-03-19,103.90,105.37,103.90,105.24,42000,30.27
2007-03-16,104.50,104.68,103.22,103.59,33900,29.80
2007-03-15,103.70,104.66,103.65,103.92,39000,29.89
2007-03-14,103.65,104.26,102.82,104.23,60900,29.98
2007-03-13,104.60,105.95,103.56,103.75,40200,29.85
2007-03-12,105.00,105.47,104.52,104.88,48900,30.17
2007-03-09,105.80,106.18,105.13,105.51,27000,30.35
2007-03-08,105.80,105.96,105.27,105.27,47700,30.28
2007-03-07,103.40,106.21,103.40,105.03,69300,30.21
2007-03-06,103.19,104.03,102.82,103.68,71400,29.82
2007-03-05,101.65,102.95,100.19,102.00,165000,29.34
2007-03-02,104.25,104.75,102.65,103.04,109200,29.64
2007-03-01,103.76,105.58,102.76,104.87,43200,30.17
2007-02-28,105.99,106.39,105.25,105.31,74700,30.29
2007-02-27,108.00,108.45,104.95,105.50,187500,30.35
2007-02-26,110.25,110.25,109.06,109.55,99300,31.51
2007-02-23,108.95,109.23,108.53,108.76,108300,31.29
2007-02-22,107.61,108.35,107.07,108.26,110700,31.14
2007-02-21,106.97,107.58,106.16,107.50,192000,30.92
2007-02-20,106.95,107.00,106.37,106.74,122700,30.71
2007-02-16,108.20,108.20,107.58,107.99,172200,31.06
2007-02-15,108.79,108.79,107.51,108.12,56400,31.10
2007-02-14,109.00,109.50,108.04,108.79,236400,31.29
2007-02-13,107.50,108.56,107.39,108.56,31500,31.23
2007-02-12,107.20,107.47,106.31,106.82,71100,30.73
2007-02-09,108.67,108.90,107.82,108.13,86700,31.11
2007-02-08,107.40,108.98,107.22,108.47,228000,31.20
2007-02-07,108.97,109.19,107.35,107.69,81600,30.98
2007-02-06,109.21,109.21,107.86,108.67,131100,31.26
2007-02-05,109.21,109.24,108.29,108.48,43800,31.21
2007-02-02,108.49,108.78,107.72,108.72,275100,31.27
2007-02-01,108.75,109.21,108.08,108.73,310800,31.28
2007-01-31,107.08,108.19,106.67,107.85,331200,31.02
2007-01-30,106.60,107.66,106.42,107.65,2416800,30.97
2007-01-29,106.46,106.85,105.72,106.10,229800,30.52
2007-01-26,106.75,107.38,106.04,106.86,635700,30.74
2007-01-25,107.65,107.99,106.28,106.70,237300,30.69
2007-01-24,108.03,108.68,106.91,108.66,322200,31.26
2007-01-23,106.42,108.42,106.42,107.89,238200,31.04
2007-01-22,106.31,106.61,105.27,105.71,55200,30.41
2007-01-19,103.15,106.36,103.15,106.11,102600,30.52
2007-01-18,105.20,105.76,103.61,104.06,104700,29.93
2007-01-17,103.90,104.95,103.68,104.95,91200,30.19
2007-01-16,104.60,105.21,103.74,104.20,121500,29.97
2007-01-12,103.20,105.13,103.15,105.13,110700,30.24
2007-01-11,103.63,104.71,102.38,102.56,525300,29.50
2007-01-10,103.49,103.57,102.00,102.84,2384700,29.58
2007-01-09,103.80,104.89,103.22,104.15,225600,29.96
2007-01-08,106.50,106.81,104.99,105.90,210000,30.46
2007-01-05,105.40,106.29,104.56,106.27,199800,30.57
2007-01-04,106.39,107.30,105.56,105.86,225300,30.45
2007-01-03,110.40,110.40,107.78,108.31,230100,31.16
2006-12-29,111.40,111.53,111.00,111.47,53700,32.07
2006-12-28,112.15,112.15,111.40,111.73,61500,32.14
2006-12-27,110.80,111.67,110.58,111.54,249600,32.09
2006-12-26,110.65,110.89,109.91,110.30,34800,31.73
2006-12-22,110.65,110.84,109.75,110.26,221100,31.72
2006-12-21,111.30,111.30,110.47,111.27,90600,32.01
2006-12-20,114.43,114.43,113.26,113.26,291300,32.06
2006-12-19,112.25,114.66,112.20,114.66,84000,32.46
2006-12-18,115.15,115.15,112.76,112.96,60600,31.98
2006-12-15,116.60,116.65,115.01,115.17,70800,32.60
2006-12-14,115.24,116.69,115.16,116.60,135300,33.01
2006-12-13,114.10,114.91,113.81,114.76,49200,32.49
2006-12-12,114.04,114.34,113.16,113.87,23100,32.24
2006-12-11,113.40,114.36,113.20,114.03,63600,32.28
2006-12-08,114.70,114.70,113.73,113.76,65400,32.20
2006-12-07,114.25,114.48,113.66,113.94,48000,32.26
2006-12-06,114.55,115.33,114.21,114.37,121200,32.38
2006-12-05,115.00,115.35,114.17,115.09,103200,32.58
2006-12-04,113.50,114.21,113.07,114.21,39300,32.33
2006-12-01,113.70,114.00,112.66,113.85,48900,32.23
2006-11-30,114.00,114.43,113.16,114.21,78300,32.33
2006-11-29,111.40,113.65,111.40,113.54,96000,32.14
2006-11-28,110.10,111.10,109.95,110.87,58800,31.39
2006-11-27,110.60,110.60,109.36,109.56,72900,31.02
2006-11-24,110.00,110.45,109.87,109.93,73200,31.12
2006-11-22,110.50,110.60,109.03,110.20,88200,31.20
2006-11-21,109.45,110.59,109.45,110.43,74700,31.26
2006-11-20,108.50,109.40,108.29,108.71,61500,30.77
2006-11-17,107.55,109.35,107.51,109.00,113400,30.86
2006-11-16,111.91,111.91,108.89,108.89,70200,30.83
2006-11-15,110.40,111.49,110.32,111.21,70800,31.48
2006-11-14,110.60,110.71,109.84,110.68,33300,31.33
2006-11-13,109.75,110.55,109.44,109.80,117600,31.08
2006-11-10,111.45,111.45,110.39,110.78,59100,31.36
2006-11-09,110.65,111.91,110.43,111.23,312300,31.49
2006-11-08,108.15,110.42,108.15,110.39,88800,31.25
2006-11-07,109.15,109.31,108.25,108.52,41700,30.72
2006-11-06,107.50,109.30,107.46,109.08,63900,30.88
2006-11-03,106.19,110.10,106.19,107.75,57300,30.50
2006-11-02,105.35,106.41,105.03,106.23,53700,30.07
2006-11-01,106.89,107.18,105.40,106.03,49800,30.02
2006-10-31,105.80,107.10,105.40,107.10,95700,30.32
2006-10-30,106.50,106.93,106.00,106.25,1526100,30.08
2006-10-27,108.00,108.61,107.47,107.56,86400,30.45
2006-10-26,109.05,109.24,107.82,108.20,164400,30.63
2006-10-25,105.70,108.53,105.61,108.25,1256400,30.64
2006-10-24,104.70,106.23,104.66,106.14,60000,30.05
2006-10-23,104.00,105.24,103.85,105.08,65700,29.75
2006-10-20,105.80,106.07,104.92,105.30,105300,29.81
2006-10-19,104.20,105.92,104.20,105.75,192000,29.94
2006-10-18,107.19,107.19,103.53,103.80,285000,29.38
2006-10-17,105.05,105.15,103.88,104.29,65400,29.52
2006-10-16,103.90,105.28,103.48,105.23,82800,29.79
2006-10-13,102.39,103.54,102.28,102.93,81000,29.14
2006-10-12,100.75,101.67,100.48,101.60,60600,28.76
2006-10-11,100.80,100.85,99.83,99.99,37500,28.31
2006-10-10,99.70,101.33,99.70,101.12,60900,28.63
2006-10-09,101.50,101.63,100.00,100.00,126900,28.31
2006-10-06,99.90,100.84,99.45,100.84,70800,28.55
2006-10-05,101.00,101.15,100.42,100.80,31500,28.54
2006-10-04,98.30,99.91,97.30,99.77,141000,28.24
2006-10-03,99.60,99.82,98.40,98.40,75300,27.86
2006-10-02,102.30,102.92,101.66,101.79,247200,28.82
2006-09-29,102.10,102.99,101.62,102.61,153000,29.05
2006-09-28,102.45,103.13,102.29,102.70,156900,29.07
2006-09-27,101.43,102.38,100.47,102.38,112800,28.98
2006-09-26,98.90,100.46,98.87,100.43,54000,28.43
2006-09-25,97.80,99.16,97.00,99.04,315900,28.04
2006-09-22,100.45,100.45,98.72,98.95,70500,28.01
2006-09-21,99.15,100.20,98.88,99.49,79200,28.16
2006-09-20,100.20,100.46,98.34,98.35,112500,27.84
2006-09-19,100.00,101.57,99.49,99.81,62700,28.26
2006-09-18,99.45,101.45,99.45,101.33,85200,28.69
2006-09-15,99.10,99.63,98.82,99.48,119100,28.16
2006-09-14,101.40,101.46,99.50,99.86,88200,28.27
2006-09-13,99.79,101.42,99.75,100.96,87300,28.58
2006-09-12,100.30,100.63,99.01,99.55,126300,28.18
2006-09-11,101.10,101.15,99.54,99.86,215100,28.27
2006-09-08,104.17,104.43,102.74,102.74,126900,29.08
2006-09-07,104.00,104.59,102.10,104.17,142200,29.49
2006-09-06,106.40,106.83,105.00,105.00,1663800,29.72
2006-09-05,106.80,108.00,106.80,108.00,84900,30.57
2006-09-01,106.65,107.50,106.63,107.22,37500,30.35
2006-08-31,106.52,107.05,106.27,106.44,85800,30.13
2006-08-30,108.00,108.00,106.24,107.02,301800,30.30
2006-08-29,107.75,108.17,105.95,107.95,2154000,30.56
2006-08-28,109.21,109.67,108.87,109.11,119400,30.89
2006-08-25,109.85,110.30,109.71,109.77,25200,31.07
2006-08-24,109.15,109.68,108.94,109.68,58500,31.05
2006-08-23,110.45,110.61,108.84,109.04,40500,30.87
2006-08-22,109.72,110.45,109.72,110.45,48300,31.27
2006-08-21,110.08,110.48,109.81,110.17,43800,31.19
2006-08-18,108.50,109.08,107.89,109.08,108300,30.88
2006-08-17,107.60,108.24,107.25,108.10,68700,30.60
2006-08-16,109.20,109.85,108.11,108.45,67200,30.70
2006-08-15,109.68,109.68,108.82,109.29,73800,30.94
2006-08-14,109.30,109.40,108.35,108.53,102900,30.72
2006-08-11,109.70,110.18,109.50,110.11,62100,31.17
2006-08-10,110.40,110.40,109.48,110.37,44100,31.24
2006-08-09,111.00,112.03,110.88,110.91,45600,31.40
2006-08-08,110.20,111.04,109.94,110.16,44700,31.19
2006-08-07,110.02,110.75,109.81,110.25,52200,31.21
2006-08-04,110.55,110.55,109.24,110.02,71700,31.15
2006-08-03,108.80,110.89,108.80,110.04,63000,31.15
2006-08-02,111.40,111.92,110.25,110.80,173700,31.37
2006-08-01,110.00,110.44,108.96,110.37,80700,31.24
2006-07-31,109.85,110.45,109.34,110.25,69900,31.21
2006-07-28,109.10,109.57,108.41,109.20,50400,30.91
2006-07-27,110.40,110.48,108.20,108.89,203100,30.83
2006-07-26,106.71,109.00,106.69,108.67,119700,30.76
2006-07-25,106.24,107.19,105.65,106.69,75600,30.20
2006-07-24,103.80,105.64,103.78,105.34,211500,29.82
2006-07-21,104.42,104.42,102.83,102.83,76500,29.11
2006-07-20,105.55,105.80,104.15,104.20,81300,29.50
2006-07-19,104.00,105.98,104.00,105.61,137100,29.90
2006-07-18,105.40,105.40,103.50,104.53,114600,29.59
2006-07-17,106.50,106.63,104.11,104.74,156300,29.65
2006-07-14,107.40,107.57,106.00,107.39,60900,30.40
2006-07-13,107.40,107.59,106.51,106.76,46800,30.22
2006-07-12,107.90,108.00,106.97,107.42,79800,30.41
2006-07-11,107.20,108.03,106.64,107.90,28500,30.55
2006-07-10,106.40,107.02,106.00,106.42,39600,30.13
2006-07-07,107.70,108.41,106.06,106.60,183300,30.18
2006-07-06,107.10,107.69,106.82,107.06,68700,30.31
2006-07-05,106.25,107.17,105.34,106.87,89400,30.25
2006-07-03,106.40,107.02,106.40,106.99,22800,30.29
2006-06-30,106.15,106.32,105.39,105.85,123600,29.96
2006-06-29,103.15,105.22,102.99,105.21,77400,29.78
2006-06-28,101.60,102.51,101.46,102.51,49500,29.02
2006-06-27,101.55,102.14,100.67,100.67,33600,28.50
2006-06-26,99.80,100.71,99.13,100.71,83100,28.51
2006-06-23,99.40,100.35,99.40,99.65,24000,28.21
2006-06-22,98.21,98.52,97.42,98.38,33900,27.85
2006-06-21,96.87,98.93,96.87,98.21,107100,27.80
2006-06-20,96.89,97.92,96.18,96.20,41400,27.23
2006-06-19,99.09,99.09,96.10,96.57,167700,27.34
2006-06-16,99.10,99.77,98.18,99.09,48600,28.05
2006-06-15,97.10,100.10,97.10,99.90,64500,28.28
2006-06-14,95.80,96.31,94.76,95.93,120000,27.16
2006-06-13,95.95,96.91,93.61,94.52,456000,26.76
2006-06-12,99.50,99.60,97.26,97.26,81900,27.53
2006-06-09,99.70,100.50,98.73,99.13,87900,28.06
2006-06-08,98.00,99.88,96.54,99.70,299100,28.22
2006-06-07,102.25,102.33,100.15,100.20,81900,28.37
2006-06-06,103.15,103.44,102.09,103.04,90000,29.17
2006-06-05,106.70,106.79,103.80,103.89,116100,29.41
2006-06-02,105.70,106.42,105.00,106.35,150900,30.11
2006-06-01,102.95,104.82,102.84,104.79,86100,29.66
2006-05-31,103.00,104.41,103.00,104.20,39300,29.50
2006-05-30,105.60,105.60,103.00,103.00,66900,29.16
2006-05-26,103.95,104.79,103.41,104.66,140100,29.63
2006-05-25,102.10,104.11,101.94,103.67,52800,29.35
2006-05-24,100.65,101.97,99.51,100.51,177000,28.45
2006-05-23,102.69,104.09,102.09,102.09,53700,28.90
2006-05-22,100.95,102.29,99.41,101.70,391200,28.79
2006-05-19,101.63,102.85,100.10,102.35,128400,28.97
2006-05-18,103.00,103.44,101.63,101.84,274500,28.83
2006-05-17,105.50,105.61,101.56,102.52,224700,29.02
2006-05-16,105.92,106.71,104.90,106.13,177600,30.04
2006-05-15,105.25,106.41,104.58,105.68,196500,29.92
2006-05-12,110.15,110.15,107.79,107.87,98100,30.54
2006-05-11,111.90,112.34,110.61,110.70,96900,31.34
2006-05-10,111.00,111.62,110.54,111.62,74100,31.60
2006-05-09,110.04,111.37,110.04,111.14,66300,31.46
2006-05-08,110.10,110.35,109.17,110.28,175500,31.22
2006-05-05,110.74,110.86,110.31,110.86,119700,31.38
2006-05-04,109.55,110.49,108.35,109.75,285600,31.07
2006-05-03,111.40,111.40,109.30,109.76,157800,31.07
2006-05-02,110.15,111.73,109.91,111.51,180300,31.57
2006-05-01,109.25,110.20,109.17,109.53,61500,31.01
2006-04-28,107.57,109.30,107.20,108.46,75300,30.70
2006-04-27,105.50,108.75,105.32,107.73,129300,30.50
2006-04-26,109.90,110.67,108.08,108.24,315900,30.64
2006-04-25,111.06,111.64,108.78,109.45,78000,30.98
2006-04-24,111.55,111.55,110.38,110.86,396000,31.38
2006-04-21,110.41,111.84,109.85,111.50,83700,31.56
2006-04-20,110.45,110.64,108.54,109.63,100800,31.04
2006-04-19,109.00,110.77,108.34,110.77,329700,31.36
2006-04-18,107.55,109.15,107.55,109.12,199500,30.89
2006-04-17,106.20,106.51,105.94,106.39,232200,30.12
2006-04-13,104.15,105.00,103.50,104.94,59100,29.71
2006-04-12,105.32,105.32,104.32,104.77,126900,29.66
2006-04-11,106.40,106.50,104.88,105.12,197400,29.76
2006-04-10,105.16,105.82,105.10,105.33,864300,29.82
2006-04-07,105.21,105.58,103.51,103.51,230400,29.30
2006-04-06,105.30,105.50,104.29,105.15,59400,29.77
2006-04-05,103.80,104.99,103.48,104.92,67800,29.70
2006-04-04,102.56,103.52,102.18,103.51,94500,29.30
2006-04-03,102.53,103.75,102.26,102.49,204000,29.01
2006-03-31,102.00,102.03,101.27,101.74,162900,28.80
2006-03-30,103.22,103.65,102.73,102.98,91500,29.15
2006-03-29,101.57,102.56,101.55,102.56,42900,29.03
2006-03-28,101.50,102.26,100.75,101.11,122100,28.62
2006-03-27,100.56,101.32,100.02,101.10,56400,28.62
2006-03-24,100.65,101.56,100.60,100.80,55500,28.54
2006-03-23,99.65,100.16,99.45,99.95,66600,28.29
2006-03-22,99.89,100.40,98.99,99.66,28800,28.21
2006-03-21,98.70,99.87,98.62,99.10,48600,28.05
2006-03-20,100.70,101.07,99.30,99.33,210600,28.12
2006-03-17,101.90,101.90,100.67,100.67,62400,28.50
2006-03-16,100.85,101.94,100.42,101.70,47400,28.79
2006-03-15,100.32,100.83,99.91,100.57,89700,28.47
2006-03-14,98.57,100.18,98.48,99.92,57000,28.29
2006-03-13,97.35,98.64,97.35,98.59,50100,27.91
2006-03-10,95.60,97.13,95.50,96.95,20100,27.45
2006-03-09,97.08,97.72,96.28,96.55,57300,27.33
2006-03-08,96.40,97.35,95.58,96.85,150600,27.42
2006-03-07,97.32,97.42,96.50,96.99,239700,27.46
2006-03-06,100.77,100.77,98.37,98.44,109200,27.87
2006-03-03,100.32,101.16,100.11,100.71,72900,28.51
2006-03-02,99.13,100.47,99.13,100.34,147600,28.41
2006-03-01,98.25,99.48,98.25,99.36,97500,28.13
2006-02-28,98.50,98.50,97.04,97.70,103200,27.66
2006-02-27,99.58,99.58,98.43,98.61,55800,27.92
2006-02-24,99.62,100.14,99.53,99.75,144600,28.24
2006-02-23,99.13,99.47,98.22,98.84,76800,27.98
2006-02-22,99.94,99.94,98.77,99.24,98100,28.09
2006-02-21,101.15,101.35,100.35,100.70,166200,28.51
2006-02-17,99.55,99.67,98.78,99.44,144000,28.15
2006-02-16,98.01,98.51,97.35,98.51,113100,27.89
2006-02-15,98.10,98.35,96.35,96.73,150000,27.38
2006-02-14,96.50,97.83,96.28,97.56,158400,27.62
2006-02-13,97.55,99.01,97.49,97.80,286200,27.69
2006-02-10,99.22,99.24,97.14,98.25,81600,27.81
2006-02-09,100.56,101.51,98.67,99.00,98700,28.03
2006-02-08,99.65,99.94,98.40,99.67,198600,28.22
2006-02-07,102.10,102.10,99.80,99.83,75900,28.26
2006-02-06,103.30,104.09,103.13,103.63,152400,29.34
2006-02-03,102.60,102.95,101.75,102.29,74100,28.96
2006-02-02,104.25,104.34,102.39,103.41,231900,29.27
2006-02-01,106.17,106.58,104.46,104.46,214500,29.57
2006-01-31,106.35,106.58,105.51,106.18,89400,30.06
2006-01-30,105.00,106.49,105.00,105.91,125700,29.98
2006-01-27,103.73,104.38,103.37,104.13,105900,29.48
2006-01-26,102.50,102.60,101.11,102.54,84900,29.03
2006-01-25,104.45,104.45,101.45,102.15,326700,28.92
2006-01-24,104.07,104.30,103.46,103.57,191400,29.32
2006-01-23,103.02,104.29,102.50,104.05,814500,29.46
2006-01-20,104.00,104.30,99.71,102.93,147900,29.14
2006-01-19,101.33,102.38,100.83,102.38,1671300,28.98
2006-01-18,101.90,101.97,99.79,100.89,71100,28.56
2006-01-17,102.15,102.33,101.50,102.20,262200,28.93
2006-01-13,99.34,100.83,99.30,100.78,70500,28.53
2006-01-12,100.75,101.10,99.02,99.32,194100,28.12
2006-01-11,99.30,100.22,98.28,99.75,155400,28.24
2006-01-10,99.01,99.75,98.77,99.32,80400,28.12
2006-01-09,99.70,99.70,98.48,99.03,110400,28.03
2006-01-06,98.40,99.40,98.13,98.88,225300,27.99
2006-01-05,97.95,97.98,96.62,96.91,436200,27.43
2006-01-04,97.45,98.00,96.74,97.93,105000,27.72
2006-01-03,95.40,97.43,95.30,97.15,430800,27.50
2005-12-30,92.70,94.11,92.70,93.62,80400,26.50
2005-12-29,93.70,94.46,93.45,93.51,48600,26.47
2005-12-28,92.91,93.94,92.91,93.79,1289400,26.55
2005-12-27,94.56,94.59,92.79,92.79,193500,26.27
2005-12-23,94.67,94.90,93.77,94.76,88500,26.83
2005-12-22,96.85,96.86,95.75,95.90,95700,26.84
2005-12-21,96.75,96.85,95.90,95.97,111900,26.86
2005-12-20,95.55,96.27,95.55,96.00,89700,26.86
2005-12-19,96.65,96.93,95.43,95.43,123300,26.71
2005-12-16,97.90,98.15,96.20,96.20,229500,26.92
2005-12-15,98.65,98.90,97.26,97.64,518100,27.32
2005-12-14,98.54,99.09,98.20,98.90,444300,27.68
2005-12-13,98.75,99.44,98.16,98.42,379500,27.54
2005-12-12,98.16,98.16,97.39,98.00,1122600,27.42
2005-12-09,97.75,97.77,97.05,97.16,69300,27.19
2005-12-08,97.55,98.50,97.23,98.50,189000,27.56
2005-12-07,98.15,98.24,96.58,96.87,287700,27.11
2005-12-06,97.40,98.48,97.00,97.73,46800,27.35
2005-12-05,97.40,98.00,97.10,97.35,174600,27.24
2005-12-02,96.60,96.79,95.95,96.48,161700,27.00
2005-12-01,94.93,96.34,94.80,96.26,242100,26.94
2005-11-30,93.80,94.46,93.51,93.64,3328200,26.20
2005-11-29,94.80,94.85,93.85,94.08,201900,26.33
2005-11-28,95.75,95.75,93.82,94.14,90300,26.34
2005-11-25,96.45,96.69,96.25,96.35,13200,26.96
2005-11-23,96.32,96.96,95.77,96.40,107700,26.98
2005-11-22,95.93,96.94,95.70,96.88,70200,27.11
2005-11-21,94.40,95.34,94.36,95.34,167400,26.68
2005-11-18,93.55,94.19,92.76,93.48,92700,26.16
2005-11-17,93.90,93.93,92.64,93.09,127200,26.05
2005-11-16,91.20,92.69,90.90,92.69,457200,25.94
2005-11-15,91.60,92.79,90.94,91.29,85200,25.55
2005-11-14,91.35,91.84,90.87,91.11,60000,25.50
2005-11-11,90.05,90.63,89.94,90.44,143400,25.31
2005-11-10,91.97,91.97,89.73,90.18,332400,25.24
2005-11-09,93.48,94.19,92.37,92.96,171900,26.01
2005-11-08,92.50,93.62,92.25,93.46,143700,26.15
2005-11-07,93.55,93.55,92.59,92.85,435000,25.98
2005-11-04,96.10,96.25,93.87,94.32,132600,26.39
2005-11-03,95.06,96.50,95.06,96.24,190200,26.93
2005-11-02,92.84,94.50,92.72,94.50,98700,26.44
2005-11-01,92.30,92.96,92.00,92.70,61800,25.94
2005-10-31,92.95,93.10,91.80,92.48,126300,25.88
2005-10-28,91.05,91.96,89.33,91.51,76500,25.61
2005-10-27,92.40,92.40,89.95,89.95,137100,25.17
2005-10-26,92.04,93.75,91.52,91.52,81000,25.61
2005-10-25,91.50,92.20,90.60,92.05,156900,25.76
2005-10-24,88.40,90.53,88.39,90.53,110700,25.33
2005-10-21,87.50,89.04,87.43,88.25,531900,24.70
2005-10-20,90.86,90.86,87.03,87.64,218400,24.53
2005-10-19,89.11,90.97,88.00,90.97,351300,25.46
2005-10-18,91.86,92.14,89.74,89.83,199200,25.14
2005-10-17,93.88,93.94,92.83,93.36,54900,26.13
2005-10-14,90.93,92.22,90.00,92.15,191100,25.79
2005-10-13,92.13,92.22,90.08,91.28,209100,25.54
2005-10-12,95.10,95.17,93.18,93.81,383100,26.25
2005-10-11,94.23,95.35,93.95,95.03,121800,26.59
2005-10-10,94.70,94.70,93.05,93.46,179400,26.15
2005-10-07,93.85,94.63,93.56,94.26,107700,26.38
2005-10-06,93.00,94.60,92.06,93.00,370500,26.03
2005-10-05,97.60,97.93,94.49,94.53,280200,26.45
2005-10-04,100.60,100.60,98.00,98.34,197100,27.52
2005-10-03,101.81,102.10,101.15,101.15,159600,28.31
2005-09-30,102.55,102.76,101.70,101.81,110700,28.49
2005-09-29,102.90,103.20,102.22,103.17,92700,28.87
2005-09-28,102.75,102.75,101.22,102.59,111900,28.71
2005-09-27,101.40,101.62,100.71,101.57,62100,28.42
2005-09-26,99.85,101.66,99.60,101.65,114000,28.45
2005-09-23,100.55,100.83,100.01,100.37,161700,28.09
2005-09-22,103.38,103.44,100.58,102.01,261300,28.55
2005-09-21,102.90,103.15,102.25,102.54,195000,28.69
2005-09-20,102.30,102.31,101.03,101.30,3451200,28.35
2005-09-19,99.60,102.36,99.60,101.85,138000,28.50
2005-09-16,99.60,100.14,99.60,100.14,107100,28.02
2005-09-15,99.70,99.70,98.10,98.86,156900,27.66
2005-09-14,98.40,98.90,98.12,98.70,87300,27.62
2005-09-13,98.00,98.40,97.70,97.75,102600,27.35
2005-09-12,99.80,99.80,98.37,98.62,570300,27.60
2005-09-09,99.10,100.36,98.98,100.34,168900,28.08
2005-09-08,98.15,98.87,97.93,98.18,49800,27.47
2005-09-07,98.35,98.96,97.81,98.24,141000,27.49
2005-09-06,98.55,98.70,97.60,98.66,3408000,27.61
2005-09-02,98.45,98.82,98.01,98.35,243000,27.52
2005-09-01,98.99,99.63,98.54,99.41,296400,27.82
2005-08-31,95.30,97.34,95.29,96.83,189000,27.10
2005-08-30,93.45,94.44,93.40,94.17,486000,26.35
2005-08-29,93.79,93.80,92.85,93.46,346200,26.15
2005-08-26,93.85,93.92,92.55,92.66,81300,25.93
2005-08-25,93.94,93.94,93.37,93.45,365700,26.15
2005-08-24,93.38,94.17,93.33,93.89,88500,26.27
2005-08-23,93.62,93.75,92.20,93.15,1063200,26.07
2005-08-22,93.53,94.40,92.90,93.64,86100,26.20
2005-08-19,92.55,93.36,92.55,93.30,71400,26.11
2005-08-18,91.80,92.10,91.05,91.99,243300,25.74
2005-08-17,94.15,94.60,91.93,92.36,264300,25.85
2005-08-16,95.80,95.80,94.45,94.45,98100,26.43
2005-08-15,96.70,96.91,96.05,96.44,70500,26.99
2005-08-12,97.51,97.51,96.78,97.38,205800,27.25
2005-08-11,97.25,97.69,96.65,97.27,122400,27.22
2005-08-10,96.08,96.39,95.64,96.30,93000,26.95
2005-08-09,95.28,95.28,94.70,94.92,143700,26.56
2005-08-08,94.17,95.10,94.07,94.36,75000,26.41
2005-08-05,93.70,93.70,92.50,93.17,43500,26.07
2005-08-04,94.34,94.34,93.37,93.63,60000,26.20
2005-08-03,94.25,94.27,93.42,93.63,197400,26.20
2005-08-02,92.75,93.42,92.52,93.42,84300,26.14
2005-08-01,91.85,92.45,91.59,91.90,71700,25.72
2005-07-29,92.25,92.26,90.90,91.09,102300,25.49
2005-07-28,91.40,91.63,90.68,91.49,54300,25.60
2005-07-27,90.75,91.19,90.18,91.14,48900,25.50
2005-07-26,90.75,91.00,90.38,90.78,115800,25.40
2005-07-25,90.90,91.62,90.50,91.00,127800,25.47
2005-07-22,87.70,90.31,87.70,90.31,58800,25.27
2005-07-21,88.95,89.18,88.01,88.50,74700,24.77
2005-07-20,89.30,89.34,88.15,89.34,56100,25.00
2005-07-19,89.30,89.39,88.21,89.39,182100,25.01
2005-07-18,88.57,88.71,88.07,88.35,48600,24.72
2005-07-15,89.25,89.32,88.50,88.57,45900,24.79
2005-07-14,90.95,91.44,88.85,89.15,209700,24.95
2005-07-13,91.23,91.37,90.70,90.94,81300,25.45
2005-07-12,90.80,91.57,90.50,91.10,124200,25.49
2005-07-11,89.75,90.79,89.58,90.72,87600,25.39
2005-07-08,90.80,91.21,90.00,90.17,150300,25.23
2005-07-07,88.55,89.99,88.11,89.97,100800,25.18
2005-07-06,90.70,91.14,89.66,89.70,172500,25.10
2005-07-05,88.75,90.00,88.74,90.00,253800,25.19
2005-07-01,87.04,87.94,86.90,87.81,98100,24.57
2005-06-30,87.20,87.50,86.53,86.53,84600,24.21
2005-06-29,87.45,87.65,86.70,87.36,125700,24.45
2005-06-28,88.40,88.85,87.71,87.98,75000,24.62
2005-06-27,87.60,88.38,87.36,88.35,101100,24.72
2005-06-24,87.50,87.72,86.97,86.99,82200,24.34
2005-06-23,87.48,88.55,87.00,87.23,105300,24.41
2005-06-22,87.15,87.67,86.65,87.49,169500,24.48
2005-06-21,88.48,88.48,87.10,87.10,61200,24.37
2005-06-20,88.65,88.84,88.01,88.72,106200,24.83
2005-06-17,87.99,88.38,87.50,88.30,109800,24.71
2005-06-16,85.98,86.70,85.76,86.47,82500,24.20
2005-06-15,85.30,85.86,85.17,85.70,75600,23.98
2005-06-14,84.25,84.98,84.21,84.85,67800,23.74
2005-06-13,84.00,84.81,83.50,84.54,56400,23.66
2005-06-10,84.20,84.24,83.19,84.20,94800,23.56
2005-06-09,82.45,84.15,82.23,84.11,49200,23.54
2005-06-08,82.40,83.53,82.06,82.27,81000,23.02
2005-06-07,82.80,83.16,82.29,82.29,49200,23.03
2005-06-06,82.74,82.77,82.11,82.60,54000,23.11
2005-06-03,82.35,82.48,81.80,82.19,50700,23.00
2005-06-02,82.09,82.60,81.85,82.48,62700,23.08
2005-06-01,81.15,82.25,81.15,82.01,61800,22.95
2005-05-31,81.27,81.40,80.80,80.95,42300,22.65
2005-05-27,80.95,81.89,80.95,81.89,40500,22.92
2005-05-26,80.84,81.00,80.66,80.77,45300,22.60
2005-05-25,79.95,80.83,79.41,80.53,120900,22.54
2005-05-24,79.52,79.72,79.30,79.60,37200,22.28
2005-05-23,78.75,79.36,78.50,79.09,69000,22.13
2005-05-20,78.80,78.90,78.05,78.27,39000,21.90
2005-05-19,77.70,78.88,77.70,78.60,66000,22.00
2005-05-18,78.02,78.47,77.51,77.69,106800,21.74
2005-05-17,76.69,77.36,76.50,77.25,220200,21.62
2005-05-16,76.35,76.57,75.75,76.55,238800,21.42
2005-05-13,78.00,78.01,76.60,76.96,314100,21.54
2005-05-12,80.05,80.29,78.19,78.24,93600,21.89
2005-05-11,80.60,80.88,80.00,80.88,54600,22.63
2005-05-10,81.46,81.65,80.61,80.61,59700,22.56
2005-05-09,81.13,81.70,81.05,81.55,52800,22.82
2005-05-06,81.59,81.74,81.30,81.35,49500,22.76
2005-05-05,80.55,81.54,80.55,81.35,67500,22.76
2005-05-04,79.50,80.19,79.27,80.14,75300,22.43
2005-05-03,80.30,80.30,79.46,79.46,59100,22.24
2005-05-02,79.53,80.48,79.21,80.48,32400,22.52
2005-04-29,79.85,79.85,78.98,79.48,64800,22.24
2005-04-28,78.80,79.45,78.64,79.04,109200,22.12
2005-04-27,81.65,81.65,80.15,80.24,67500,22.45
2005-04-26,82.50,82.77,82.05,82.14,285000,22.99
2005-04-25,82.59,83.15,82.40,82.45,117600,23.07
2005-04-22,81.56,82.26,81.01,81.60,165600,22.83
2005-04-21,79.75,81.14,79.75,81.13,130200,22.70
2005-04-20,80.75,81.25,79.36,79.53,75000,22.26
2005-04-19,79.80,80.90,79.80,80.80,111600,22.61
2005-04-18,77.85,79.35,77.81,79.33,124500,22.20
2005-04-15,80.60,80.61,78.20,78.57,261300,21.99
2005-04-14,81.52,81.78,80.75,80.93,100200,22.65
2005-04-13,82.60,83.04,81.28,81.28,91200,22.75
2005-04-12,83.90,83.90,82.78,83.16,108000,23.27
2005-04-11,83.53,84.21,83.22,84.10,64200,23.53
2005-04-08,83.80,84.44,83.51,83.60,100800,23.39
2005-04-07,85.40,85.58,84.30,84.68,98100,23.70
2005-04-06,83.60,84.65,83.51,84.28,129600,23.58
2005-04-05,84.01,84.49,83.50,83.76,149400,23.44
2005-04-04,84.55,85.08,83.81,84.03,235500,23.51
2005-04-01,84.00,84.32,83.42,84.31,118500,23.59
2005-03-31,82.99,83.33,82.86,83.28,91800,23.30
2005-03-30,80.70,81.74,80.23,81.74,286200,22.87
2005-03-29,81.60,82.60,80.93,80.93,198600,22.65
2005-03-28,81.50,81.92,81.07,81.51,171000,22.81
2005-03-24,81.98,82.62,81.27,81.89,96600,22.92
2005-03-23,82.89,82.91,81.36,81.74,270000,22.87
2005-03-22,84.55,85.82,83.85,83.85,126300,23.46
2005-03-21,85.80,85.90,84.65,85.39,153600,23.90
2005-03-18,85.25,86.06,85.01,86.04,303000,24.08
2005-03-17,85.05,85.25,84.45,85.20,117600,23.84
2005-03-16,83.95,84.92,83.54,84.22,111300,23.57
2005-03-15,85.15,85.38,84.01,84.05,127800,23.52
2005-03-14,84.35,84.72,83.50,84.69,150300,23.70
2005-03-11,83.60,85.09,83.55,84.44,189600,23.63
2005-03-10,85.00,85.00,83.09,83.80,237300,23.45
2005-03-09,87.24,88.00,85.00,85.10,305700,23.81
2005-03-08,87.05,87.53,86.70,87.00,179700,24.35
2005-03-07,87.40,87.45,86.29,87.00,621600,24.35
2005-03-04,86.75,87.81,86.26,87.62,219000,24.52
2005-03-03,85.90,86.34,85.27,86.23,138600,24.13
2005-03-02,83.90,85.24,83.90,85.16,181500,23.83
2005-03-01,85.25,85.25,84.15,84.43,141600,23.63
2005-02-28,86.45,86.73,83.93,85.82,364800,24.02
2005-02-25,84.55,85.96,84.35,85.67,202500,23.97
2005-02-24,83.30,83.89,82.71,83.89,198600,23.48
2005-02-23,82.14,82.88,81.51,82.79,158100,23.17
2005-02-22,82.80,83.40,82.06,82.15,194400,22.99
2005-02-18,81.20,82.72,81.16,82.50,157500,23.09
2005-02-17,82.05,82.26,80.94,81.00,324000,22.67
2005-02-16,80.10,81.67,80.01,81.60,160200,22.83
2005-02-15,79.75,80.06,79.60,80.03,224400,22.40
2005-02-14,79.40,79.65,79.24,79.51,216000,22.25
2005-02-11,78.55,79.50,78.37,79.20,107400,22.16
2005-02-10,77.49,78.81,77.49,78.73,91200,22.03
2005-02-09,77.20,77.45,76.71,77.25,103800,21.62
2005-02-08,76.58,77.49,76.49,77.43,75000,21.67
2005-02-07,77.33,77.39,76.48,76.82,112800,21.50
2005-02-04,76.89,77.29,76.80,77.10,40800,21.58
2005-02-03,76.05,76.65,75.95,76.42,54600,21.39
2005-02-02,76.30,76.70,76.27,76.43,59700,21.39
2005-02-01,75.20,75.90,74.82,75.90,46200,21.24
2005-01-31,73.95,74.75,73.72,74.51,55200,20.85
2005-01-28,74.36,74.36,73.70,74.17,29700,20.76
2005-01-27,74.30,74.85,74.01,74.59,63600,20.87
2005-01-26,73.95,74.56,73.88,74.54,81900,20.86
2005-01-25,73.70,73.73,73.04,73.56,55500,20.58
2005-01-24,73.50,73.50,73.25,73.27,117900,20.50
2005-01-21,72.43,72.98,72.43,72.50,56400,20.29
2005-01-20,72.20,72.36,71.79,72.02,186900,20.15
2005-01-19,73.20,73.22,72.81,72.93,78600,20.41
2005-01-18,72.74,73.02,72.74,72.94,168900,20.41
2005-01-14,72.40,72.58,72.22,72.50,137400,20.29
2005-01-13,72.18,72.59,72.13,72.17,100800,20.20
2005-01-12,71.20,72.12,71.18,72.12,23400,20.18
2005-01-11,71.06,71.35,70.83,71.04,34500,19.88
2005-01-10,71.10,71.53,70.86,71.07,243600,19.89
2005-01-07,71.34,71.49,70.31,70.89,36300,19.84
2005-01-06,70.34,71.47,70.16,71.32,74700,19.96
2005-01-05,70.83,70.88,70.30,70.50,81000,19.73
2005-01-04,71.39,71.52,70.70,70.70,74400,19.78
2005-01-03,73.04,73.04,71.09,71.22,127200,19.93
2004-12-31,73.05,73.28,73.05,73.15,213300,20.47
2004-12-30,73.39,73.60,73.21,73.26,251700,20.50
2004-12-29,73.09,73.60,72.94,73.59,121500,20.59
2004-12-28,73.34,73.50,73.12,73.31,24300,20.51
2004-12-27,73.80,73.80,73.11,73.11,62400,20.46
2004-12-23,73.04,73.55,73.04,73.55,25500,20.58
2004-12-22,74.69,74.80,73.86,74.15,180900,20.39
2004-12-21,74.29,74.75,74.10,74.70,94500,20.55
2004-12-20,73.40,74.20,73.40,74.20,69600,20.41
2004-12-17,73.14,73.28,73.00,73.18,32100,20.13
2004-12-16,73.89,73.96,73.31,73.43,49500,20.20
2004-12-15,74.00,74.30,73.39,74.19,53100,20.40
2004-12-14,73.62,73.74,73.27,73.44,18900,20.20
2004-12-13,72.55,73.49,72.55,73.42,69300,20.19
2004-12-10,72.89,72.89,72.28,72.48,46200,19.93
2004-12-09,72.51,72.74,72.26,72.73,75300,20.00
2004-12-08,71.30,72.66,71.15,72.51,96300,19.94
2004-12-07,73.89,73.89,72.60,72.60,52500,19.97
2004-12-06,73.70,73.85,73.23,73.45,156300,20.20
2004-12-03,72.90,73.72,72.90,73.68,83400,20.26
2004-12-02,74.20,74.20,73.00,73.25,158700,20.15
2004-12-01,76.09,76.11,74.86,75.08,81600,20.65
2004-11-30,76.20,76.20,75.77,76.09,60000,20.93
2004-11-29,76.50,76.54,75.50,75.98,169500,20.90
2004-11-26,76.10,76.62,76.10,76.45,44400,21.03
2004-11-24,74.80,75.51,74.55,75.48,74100,20.76
2004-11-23,74.30,75.04,74.30,74.83,109800,20.58
2004-11-22,73.85,74.49,73.70,74.45,76200,20.48
2004-11-19,73.55,73.87,73.22,73.70,75300,20.27
2004-11-18,72.95,73.14,72.60,72.98,75300,20.07
2004-11-17,72.65,72.95,72.34,72.90,37500,20.05
2004-11-16,72.00,72.22,71.80,71.97,64500,19.79
2004-11-15,73.35,73.36,71.76,72.00,210300,19.80
2004-11-12,72.35,73.42,72.35,73.41,58200,20.19
2004-11-11,72.25,72.39,71.90,72.15,68400,19.84
2004-11-10,71.55,72.20,71.11,72.12,67500,19.84
2004-11-09,72.00,72.24,71.61,71.61,204900,19.70
2004-11-08,72.51,72.59,72.01,72.03,90900,19.81
2004-11-05,72.40,72.77,72.22,72.77,69900,20.01
2004-11-04,71.89,72.50,71.87,72.50,56400,19.94
2004-11-03,71.59,71.66,70.98,71.65,71400,19.71
2004-11-02,70.88,71.04,70.38,70.38,35100,19.36
2004-11-01,71.70,71.74,70.50,70.58,59100,19.41
2004-10-29,70.70,71.19,70.31,71.19,62700,19.58
2004-10-28,70.76,71.09,70.01,70.16,171900,19.30
2004-10-27,72.00,72.31,70.76,71.00,92700,19.53
2004-10-26,71.50,71.74,71.11,71.74,88500,19.73
2004-10-25,71.70,71.75,71.31,71.58,59400,19.69
2004-10-22,71.90,71.90,71.49,71.66,46800,19.71
2004-10-21,71.55,71.80,71.30,71.49,47400,19.66
2004-10-20,70.05,71.05,70.05,71.05,91200,19.54
2004-10-19,70.30,70.50,69.90,70.27,97500,19.33
2004-10-18,71.00,71.20,70.35,70.53,46800,19.40
2004-10-15,70.85,71.00,70.55,70.95,67800,19.51
2004-10-14,70.15,70.83,70.15,70.66,52800,19.43
2004-10-13,70.30,70.30,69.26,69.75,94200,19.18
2004-10-12,71.95,71.95,70.86,71.24,326100,19.59
2004-10-11,72.49,72.49,71.72,72.25,38100,19.87
2004-10-08,72.50,72.65,72.07,72.31,55800,19.89
2004-10-07,72.50,72.90,72.06,72.06,143100,19.82
2004-10-06,71.95,72.50,71.95,72.49,144000,19.94
2004-10-05,71.25,71.66,71.25,71.55,75600,19.68
2004-10-04,70.45,70.79,70.40,70.61,69000,19.42
2004-10-01,70.40,70.95,70.38,70.95,21900,19.51
2004-09-30,70.00,70.00,69.55,69.88,67200,19.22
2004-09-29,70.00,70.00,69.03,69.52,138600,19.12
2004-09-28,70.05,70.63,70.05,70.41,76500,19.37
2004-09-27,69.61,69.75,69.26,69.56,40500,19.13
2004-09-24,68.75,69.34,68.75,69.10,143400,19.00
2004-09-23,69.00,69.00,68.41,68.73,70200,18.90
2004-09-22,69.75,69.75,69.06,69.35,51000,19.07
2004-09-21,68.76,70.33,68.76,70.22,393000,19.31
2004-09-20,68.55,68.55,68.20,68.20,403500,18.76
2004-09-17,67.45,68.16,67.39,68.10,71100,18.73
2004-09-16,67.04,67.27,66.83,66.99,128400,18.42
2004-09-15,67.12,67.39,66.83,67.01,19200,18.43
2004-09-14,67.30,67.50,67.06,67.35,47700,18.52
2004-09-13,66.75,67.20,66.75,66.98,38400,18.42
2004-09-10,66.65,66.95,66.57,66.75,113100,18.36
2004-09-09,66.03,66.85,66.03,66.85,90000,18.39
2004-09-08,65.88,66.26,65.68,66.03,90300,18.16
2004-09-07,65.85,66.08,65.52,66.08,243000,18.17
2004-09-03,66.08,66.39,65.81,66.37,54900,18.25
2004-09-02,65.68,66.23,65.68,66.23,38100,18.22
2004-09-01,64.99,65.69,64.72,65.40,201000,17.99
2004-08-31,64.10,64.83,64.10,64.83,156900,17.83
2004-08-30,64.35,64.45,63.67,63.83,30000,17.56
2004-08-27,63.90,64.28,63.90,64.11,91800,17.63
2004-08-26,63.33,63.58,62.86,63.50,329400,17.46
2004-08-25,63.03,63.38,63.03,63.38,237300,17.43
2004-08-24,63.01,63.19,62.75,62.87,174900,17.29
2004-08-23,64.10,64.36,63.47,63.65,114000,17.51
2004-08-20,64.50,64.70,64.18,64.18,138900,17.65
2004-08-19,63.87,64.17,63.67,63.74,72300,17.53
2004-08-18,63.10,63.76,63.05,63.76,623700,17.54
2004-08-17,64.01,64.01,63.05,63.05,305100,17.34
2004-08-16,63.70,64.44,63.68,64.30,420900,17.68
2004-08-13,63.70,63.92,63.39,63.67,247200,17.51
2004-08-12,63.85,64.00,63.10,63.10,381900,17.35
2004-08-11,63.80,64.00,63.16,63.62,708000,17.50
2004-08-10,64.50,64.55,63.90,63.98,2626800,17.60
2004-08-09,64.35,65.00,64.10,64.25,222900,17.67
2004-08-06,64.88,65.03,63.76,63.80,168600,17.55
2004-08-05,65.75,65.75,64.86,64.88,110700,17.84
2004-08-04,66.48,66.48,65.50,65.50,135000,18.01
2004-08-03,66.65,66.84,66.48,66.78,64200,18.37
2004-08-02,66.00,66.03,65.30,66.03,287400,18.16
2004-07-30,66.10,66.25,65.90,66.00,689100,18.15
2004-07-29,65.60,65.85,65.12,65.75,54900,18.08
2004-07-28,64.38,65.15,64.37,65.15,18600,17.92
2004-07-27,63.74,64.44,63.70,64.42,55200,17.72
2004-07-26,64.47,64.58,63.82,64.24,50400,17.67
2004-07-23,64.74,64.77,64.25,64.42,134100,17.72
2004-07-22,64.60,65.18,64.60,64.96,55200,17.87
2004-07-21,65.75,65.80,64.66,64.66,283500,17.78
2004-07-20,65.98,66.15,65.82,65.93,78900,18.13
2004-07-19,66.32,66.53,65.97,66.11,72300,18.18
2004-07-16,66.25,66.62,66.16,66.55,40200,18.30
2004-07-15,65.67,65.84,65.57,65.68,51900,18.06
2004-07-14,64.65,65.58,64.65,65.55,89700,18.03
2004-07-13,65.15,65.15,64.56,65.09,129600,17.90
2004-07-12,65.74,65.74,65.06,65.35,158400,17.97
2004-07-09,65.60,65.70,65.37,65.40,45000,17.99
2004-07-08,64.80,65.39,64.80,64.98,231000,17.87
2004-07-07,64.62,65.17,64.55,65.06,72600,17.89
2004-07-06,65.04,65.13,64.69,64.97,50400,17.87
2004-07-02,64.38,64.64,64.23,64.47,83400,17.73
2004-07-01,64.46,64.55,63.75,64.28,108900,17.68
2004-06-30,64.03,64.46,63.71,64.46,31800,17.73
2004-06-29,63.58,64.19,63.58,64.03,70500,17.61
2004-06-28,65.00,65.05,63.95,64.15,96600,17.64
2004-06-25,65.08,65.26,64.70,64.72,53400,17.80
2004-06-24,65.47,65.47,65.15,65.20,110700,17.93
2004-06-23,64.33,65.45,64.33,65.39,159900,17.98
2004-06-22,64.25,64.64,64.00,64.55,76200,17.75
2004-06-21,64.68,64.79,64.25,64.25,90600,17.67
2004-06-18,64.78,64.94,64.58,64.80,98400,17.82
2004-06-17,64.02,64.53,63.92,64.32,118500,17.69
2004-06-16,63.49,63.97,63.47,63.87,254100,17.57
2004-06-15,62.74,63.05,62.61,62.99,43500,17.32
2004-06-14,61.90,62.24,61.86,62.06,93600,17.07
2004-06-10,62.30,62.87,62.30,62.78,38700,17.27
2004-06-09,62.34,62.40,61.69,62.01,117900,17.05
2004-06-08,62.88,63.25,62.46,62.56,109200,17.21
2004-06-07,62.20,63.24,62.20,63.24,71100,17.39
2004-06-04,62.12,62.35,61.76,62.10,73200,17.08
2004-06-03,62.82,62.90,62.24,62.24,58200,17.12
2004-06-02,62.90,63.17,62.61,62.74,47400,17.26
2004-06-01,62.18,62.63,62.17,62.50,37200,17.19
2004-05-28,61.90,62.04,61.58,61.69,87900,16.97
2004-05-27,62.68,62.68,61.77,62.09,84300,17.08
2004-05-26,62.84,62.90,62.09,62.26,76500,17.12
2004-05-25,62.00,62.68,62.00,62.68,99000,17.24
2004-05-24,60.44,61.45,60.41,61.38,68700,16.88
2004-05-21,60.58,61.04,60.01,60.46,52800,16.63
2004-05-20,60.40,60.89,60.33,60.33,166500,16.59
2004-05-19,60.55,61.37,60.33,60.57,163200,16.66
2004-05-18,60.90,60.90,60.05,60.46,81300,16.63
2004-05-17,61.40,61.53,61.04,61.18,144000,16.83
2004-05-14,61.25,61.74,60.92,61.44,133800,16.90
2004-05-13,60.95,61.06,60.61,60.87,123600,16.74
2004-05-12,60.32,61.00,60.25,60.95,137100,16.76
2004-05-11,60.02,60.55,59.83,60.54,159300,16.65
2004-05-10,60.00,60.25,59.31,59.62,108900,16.40
2004-05-07,62.40,62.50,61.32,61.70,323700,16.97
2004-05-06,63.34,63.34,62.42,62.91,115800,17.30
2004-05-05,62.75,63.15,62.27,63.11,252900,17.36
2004-05-04,62.82,62.85,62.25,62.52,278400,17.20
2004-05-03,61.40,62.13,61.34,62.13,123900,17.09
2004-04-30,61.08,61.75,61.08,61.51,174300,16.92
2004-04-29,62.24,62.25,60.41,60.57,114600,16.66
2004-04-28,63.02,63.19,62.40,62.40,205500,17.16
2004-04-27,62.50,63.48,62.38,63.34,140700,17.42
2004-04-26,62.68,62.89,62.46,62.69,214200,17.24
2004-04-23,62.20,62.50,61.52,62.28,394800,17.13
2004-04-22,61.20,62.84,61.18,62.83,132600,17.28
2004-04-21,61.40,61.79,60.97,61.25,563700,16.85
2004-04-20,62.78,62.78,61.55,61.68,222900,16.96
2004-04-19,63.22,63.31,62.75,62.89,149700,17.30
2004-04-16,63.04,63.64,62.90,63.33,448800,17.42
2004-04-15,62.54,62.84,62.16,62.84,1096800,17.28
2004-04-14,61.95,62.32,61.80,62.03,664500,17.06
2004-04-13,63.32,63.35,62.40,62.50,262500,17.19
2004-04-12,62.58,63.19,62.50,63.12,171900,17.36
2004-04-08,61.98,62.39,61.98,62.23,177300,17.12
2004-04-07,61.88,61.89,61.33,61.58,235500,16.94
2004-04-06,62.05,62.19,61.64,61.74,755100,16.98
2004-04-05,61.65,61.69,61.30,61.52,99900,16.92
2004-04-02,61.12,61.64,61.10,61.64,366000,16.95
2004-04-01,61.40,61.54,60.37,60.65,404100,16.68
2004-03-31,61.00,61.39,60.00,61.39,230700,16.88
2004-03-30,59.60,60.39,59.60,60.39,48900,16.61
2004-03-29,59.32,59.44,58.99,59.39,61800,16.33
2004-03-26,58.30,58.89,58.00,58.68,33000,16.14
2004-03-25,58.10,58.38,58.00,58.08,83100,15.97
2004-03-24,59.08,59.14,58.00,58.10,80400,15.98
2004-03-23,59.28,59.54,59.00,59.27,36900,16.30
2004-03-22,59.98,59.99,58.72,59.03,57000,16.24
2004-03-19,61.00,61.09,60.50,60.58,50700,16.66
2004-03-18,60.88,61.09,60.64,61.09,45000,16.80
2004-03-17,60.10,60.84,59.96,60.84,70500,16.73
2004-03-16,59.80,60.04,59.79,59.89,48900,16.47
2004-03-15,59.52,59.71,59.16,59.16,42000,16.27
2004-03-12,58.75,59.64,58.72,59.63,110100,16.40
2004-03-11,59.80,60.00,59.10,59.10,48000,16.25
2004-03-10,61.60,61.79,60.26,60.30,81600,16.58
2004-03-09,61.68,61.84,61.43,61.52,26100,16.92
2004-03-08,61.98,62.15,61.69,61.89,73800,17.02
2004-03-05,61.10,61.69,61.10,61.69,97800,16.97
2004-03-04,60.98,61.15,60.61,61.14,71400,16.82
2004-03-03,61.28,61.28,60.52,61.24,152700,16.84
2004-03-02,61.78,61.85,61.28,61.49,79800,16.91
2004-03-01,61.38,62.14,61.36,62.14,114900,17.09
2004-02-27,60.68,60.94,60.50,60.74,87300,16.71
2004-02-26,59.98,60.64,59.79,60.59,99600,16.66
2004-02-25,59.97,59.99,59.59,59.99,43800,16.50
2004-02-24,59.88,59.99,59.58,59.97,41100,16.49
2004-02-23,59.78,60.09,59.50,59.98,56700,16.50
2004-02-20,60.02,60.04,59.08,59.54,27300,16.38
2004-02-19,59.72,59.89,59.53,59.79,50700,16.44
2004-02-18,59.83,59.99,59.37,59.49,48300,16.36
2004-02-17,59.82,60.10,59.62,59.89,75000,16.47
2004-02-13,59.35,59.50,58.96,59.16,41100,16.27
2004-02-12,59.03,59.59,59.03,59.59,34200,16.39
2004-02-11,58.76,59.89,58.65,59.89,98700,16.47
2004-02-10,58.28,58.99,58.03,58.99,25200,16.22
2004-02-09,58.68,58.80,58.50,58.60,34500,16.12
2004-02-06,57.44,57.89,57.24,57.69,25800,15.87
2004-02-05,57.54,57.54,57.20,57.45,35700,15.80
2004-02-04,58.04,58.04,57.73,57.74,12900,15.88
2004-02-03,57.78,58.24,57.78,58.24,78300,16.02
2004-02-02,57.24,57.82,57.24,57.75,22200,15.88
2004-01-30,57.74,57.84,57.64,57.81,18600,15.90
2004-01-29,58.02,58.28,57.70,58.28,74400,16.03
2004-01-28,59.38,59.40,58.26,58.39,23400,16.06
2004-01-27,59.38,59.79,59.38,59.42,34500,16.34
2004-01-26,59.18,59.29,58.89,59.29,48600,16.31
2004-01-23,58.96,59.49,58.96,59.29,30000,16.31
2004-01-22,59.98,60.04,58.52,58.52,103200,16.10
2004-01-21,59.28,59.94,59.14,59.94,48300,16.49
2004-01-20,58.28,58.69,58.23,58.65,72000,16.13
2004-01-16,57.20,57.65,56.85,57.54,54300,15.83
2004-01-15,58.22,58.22,57.63,57.99,70500,15.95
2004-01-14,58.14,58.28,57.83,58.13,68100,15.99
2004-01-13,58.54,58.94,58.54,58.94,72000,16.21
2004-01-12,58.08,58.39,58.05,58.12,70500,15.99
2004-01-09,57.80,58.64,57.73,58.54,73500,16.10
2004-01-08,58.84,59.19,58.41,59.19,54600,16.28
2004-01-07,59.30,59.30,58.70,59.04,83400,16.24
2004-01-06,60.09,60.24,59.52,60.20,104400,16.56
2004-01-05,59.32,60.04,59.11,59.99,74700,16.50
2004-01-02,58.92,59.15,58.86,59.14,96900,16.27
2003-12-31,58.42,58.84,58.42,58.84,65400,16.18
2003-12-30,58.28,58.59,58.28,58.44,42600,16.07
2003-12-29,57.72,58.15,57.60,58.15,40200,15.99
2003-12-26,57.44,57.55,57.30,57.54,28800,15.83
2003-12-24,57.19,57.59,57.01,57.54,28200,15.83
2003-12-23,56.90,57.04,56.79,57.04,16200,15.69
2003-12-22,57.08,57.29,56.86,57.29,180300,15.76
2003-12-19,57.72,57.90,57.42,57.69,56700,15.70
2003-12-18,56.68,57.79,56.65,57.64,382800,15.68
2003-12-17,55.78,56.44,55.55,56.44,54000,15.36
2003-12-16,54.76,55.64,54.76,55.64,39000,15.14
2003-12-15,55.48,55.48,54.90,54.90,25800,14.88
2003-12-12,55.28,55.34,55.15,55.20,21900,14.96
2003-12-11,54.68,55.14,54.55,55.14,32700,14.94
2003-12-10,54.78,54.85,54.56,54.79,28800,14.85
2003-12-09,54.82,54.99,54.80,54.99,24600,14.90
2003-12-08,53.64,54.24,53.64,54.24,47700,14.70
2003-12-05,53.48,53.69,53.48,53.69,49200,14.55
2003-12-04,52.82,53.59,52.81,53.59,21300,14.52
2003-12-03,52.99,53.09,52.88,52.89,18000,14.33
2003-12-02,52.54,52.85,52.40,52.79,14100,14.30
2003-12-01,52.18,52.39,52.16,52.20,24900,14.14
2003-11-28,51.92,52.04,51.76,51.76,19200,14.02
2003-11-26,51.74,51.94,51.74,51.94,6300,14.07
2003-11-25,51.38,51.45,51.38,51.45,6600,13.94
2003-11-24,51.22,51.39,51.11,51.39,6600,13.92
2003-11-21,51.26,51.30,51.10,51.19,35100,13.87
2003-11-20,51.12,51.29,50.91,51.29,20100,13.90
2003-11-19,51.12,51.30,51.09,51.29,8400,13.90
2003-11-18,51.10,51.24,50.76,50.86,13200,13.78
2003-11-17,51.25,51.33,51.01,51.29,31500,13.90
2003-11-14,51.60,51.94,51.60,51.74,14400,14.02
2003-11-13,50.88,51.64,50.88,51.64,23700,13.99
2003-11-12,51.04,51.24,50.85,51.24,67500,13.88
2003-11-11,50.88,51.09,50.75,50.86,22800,13.78
2003-11-10,50.90,51.09,50.81,51.04,27900,13.83
2003-11-07,50.64,51.04,50.64,50.80,11100,13.76
2003-11-06,50.26,50.64,50.26,50.64,3000,13.72
2003-11-05,50.42,50.59,50.36,50.59,69600,13.71
2003-11-04,50.68,51.04,50.68,50.71,14400,13.74
2003-11-03,51.24,51.24,50.81,50.90,11700,13.79
2003-10-31,50.64,50.99,50.51,50.99,6900,13.82
2003-10-30,50.91,51.04,50.25,50.25,53100,13.62
2003-10-29,51.24,51.24,51.05,51.24,7200,13.88
2003-10-28,51.15,51.19,51.14,51.19,4500,13.87
2003-10-27,51.15,51.30,50.85,51.04,32100,13.83
2003-10-24,51.08,51.14,50.99,51.14,10500,13.86
2003-10-23,50.95,51.25,50.61,51.25,45000,13.89
2003-10-22,51.80,51.81,51.35,51.64,7800,13.99
2003-10-21,51.86,52.25,51.86,52.01,15600,14.09
2003-10-20,52.29,52.29,51.90,52.01,13500,14.09
2003-10-17,52.30,52.35,52.25,52.25,11700,14.16
2003-10-16,52.55,52.70,52.40,52.54,27900,14.24
2003-10-15,52.60,52.75,51.91,52.05,45000,14.10
2003-10-14,52.62,52.80,52.21,52.60,27600,14.25
2003-10-13,52.30,53.00,52.30,53.00,33300,14.36
2003-10-10,52.29,52.49,52.29,52.49,12600,14.22
2003-10-09,51.63,52.05,51.63,51.80,16500,14.04
2003-10-08,52.16,52.16,51.51,51.75,23100,14.02
2003-10-07,51.55,51.90,51.45,51.90,8400,14.06
2003-10-06,51.72,51.95,51.55,51.65,6600,13.99
2003-10-03,51.40,51.70,51.16,51.45,8400,13.94
2003-10-02,50.90,51.10,50.84,51.05,4200,13.83
2003-10-01,50.22,50.95,50.19,50.75,23100,13.75
2003-09-30,50.05,50.10,49.90,50.10,12000,13.57
2003-09-29,49.83,50.15,49.75,50.00,98700,13.55
2003-09-26,50.20,50.20,49.85,49.85,10200,13.51
2003-09-25,51.00,51.04,50.80,50.94,27000,13.80
2003-09-24,50.70,51.14,50.70,50.89,15300,13.79
2003-09-23,50.48,50.50,50.23,50.49,7500,13.68
2003-09-22,50.35,50.54,49.96,50.40,236100,13.66
2003-09-19,50.35,50.54,50.26,50.49,8100,13.68
2003-09-18,50.25,50.44,49.96,50.44,6300,13.67
2003-09-17,50.84,50.84,50.45,50.51,5700,13.69
2003-09-16,50.86,50.89,50.51,50.66,4500,13.73
2003-09-15,50.95,50.98,50.75,50.94,9000,13.80
2003-09-12,51.24,51.24,50.90,51.00,1800,13.82
2003-09-11,51.42,51.44,51.00,51.30,34800,13.90
2003-09-10,51.43,51.43,51.00,51.00,7800,13.82
2003-09-09,51.83,51.83,51.35,51.49,13200,13.95
2003-09-08,51.53,51.99,51.53,51.99,6300,14.09
2003-09-05,51.34,51.39,51.01,51.29,9000,13.90
2003-09-04,51.30,51.49,51.30,51.49,7800,13.95
2003-09-03,50.70,51.25,50.70,51.24,36900,13.88
2003-09-02,50.65,50.94,50.41,50.94,11700,13.80
2003-08-29,50.50,50.59,50.24,50.59,6300,13.71
2003-08-28,50.13,50.20,49.70,50.00,273600,13.55
2003-08-27,50.05,50.15,49.90,49.99,62700,13.54
2003-08-26,49.83,49.95,49.31,49.95,20700,13.53
2003-08-25,50.10,50.20,49.95,50.20,9000,13.60
2003-08-22,50.55,50.55,49.95,49.95,9000,13.53
2003-08-21,50.64,50.74,50.51,50.69,7800,13.73
2003-08-20,50.06,50.59,50.06,50.55,77700,13.70
2003-08-19,50.73,50.73,50.40,50.50,19200,13.68
2003-08-18,50.55,50.95,50.25,50.95,206400,13.81
2003-08-15,50.30,50.30,50.30,50.30,3900,13.63
2003-08-14,50.60,50.79,50.59,50.69,17700,13.73
2003-08-13,50.35,50.50,50.06,50.06,16200,13.56
2003-08-12,50.50,50.50,50.30,50.30,1500,13.63
2003-08-11,50.45,50.49,50.25,50.49,6300,13.68
2003-08-08,49.85,49.85,49.60,49.74,14100,13.48
2003-08-07,48.70,49.32,48.45,49.15,5700,13.32
2003-08-06,48.00,48.25,48.00,48.25,1200,13.07
2003-08-05,48.31,48.55,48.31,48.35,4200,13.10
2003-08-04,48.38,48.38,47.71,48.15,3000,13.05
2003-08-01,48.00,48.00,47.75,48.00,1500,13.01
2003-07-31,48.50,48.80,48.40,48.40,5100,13.11
2003-07-30,48.40,48.40,48.35,48.35,900,13.10
2003-07-29,48.72,48.74,48.41,48.59,10500,13.17
2003-07-28,49.05,49.25,48.86,49.10,9300,13.30
2003-07-25,48.55,49.00,48.50,49.00,8100,13.28
2003-07-24,49.00,49.20,48.95,49.20,2700,13.33
2003-07-23,48.85,48.89,48.45,48.46,84000,13.13
2003-07-22,48.88,48.90,48.66,48.70,4200,13.20
2003-07-21,48.99,48.99,48.69,48.74,9000,13.21
2003-07-18,48.45,48.95,48.45,48.95,7800,13.26
2003-07-17,47.94,48.15,47.70,48.15,7800,13.05
2003-07-16,48.10,48.10,47.80,47.95,6900,12.99
2003-07-15,48.20,48.20,47.80,48.08,15000,13.03
2003-07-14,48.95,49.04,48.79,48.79,3600,13.22
2003-07-11,48.84,48.84,48.60,48.75,4200,13.21
2003-07-10,48.55,48.64,48.54,48.64,5700,13.18
2003-07-09,49.01,49.35,49.00,49.34,12000,13.37
2003-07-08,49.40,49.40,48.96,48.96,1800,13.27
2003-07-07,49.95,49.95,49.56,49.56,8700,13.43
2003-07-03,49.80,49.80,49.80,49.80,300,13.49
2003-07-02,50.04,50.04,50.04,50.04,000,13.56
2003-07-01,49.69,50.04,49.43,50.04,15300,13.56
2003-06-30,50.05,50.29,49.94,50.10,5100,13.57
2003-06-27,50.00,50.44,50.00,50.14,14700,13.59
2003-06-26,50.36,50.69,50.36,50.59,62400,13.71
2003-06-25,51.35,51.35,50.75,50.75,3300,13.75
2003-06-24,50.75,51.00,50.61,50.70,93000,13.74
2003-06-23,50.00,50.70,50.00,50.46,9000,13.67
2003-06-20,51.16,51.39,50.91,50.91,3600,13.79
2003-06-19,51.15,51.24,51.00,51.24,9300,13.88
2003-06-18,51.47,51.50,51.26,51.26,16200,13.89
2003-06-17,51.61,51.79,51.45,51.45,10200,13.94
2003-06-16,51.81,52.14,51.81,51.85,11700,14.05
2003-06-13,52.10,52.14,51.30,51.30,52800,13.90
2003-06-12,52.83,52.84,52.10,52.10,15300,14.12
2003-06-11,51.79,52.34,51.79,52.34,60300,14.18
2003-06-10,50.90,50.94,50.71,50.94,3000,13.80
2003-06-09,50.59,50.70,50.45,50.69,12600,13.73
2003-06-06,51.00,51.40,50.75,50.79,6000,13.76
2003-06-05,50.79,50.90,50.74,50.75,5100,13.75
2003-06-04,50.55,50.89,50.55,50.74,4500,13.75
2003-06-03,50.05,50.29,50.05,50.20,9900,13.60
2003-06-02,49.80,50.19,49.71,50.05,14100,13.56
2003-05-30,49.06,49.64,49.06,49.55,2700,13.43
2003-05-29,49.55,49.65,49.15,49.19,4200,13.33
2003-05-28,49.65,49.65,49.41,49.46,3300,13.40
2003-05-27,49.10,49.80,49.10,49.80,5400,13.49
2003-05-23,48.65,48.70,48.65,48.65,21600,13.18
2003-05-22,48.55,48.69,48.35,48.69,38700,13.19
2003-05-21,47.55,48.44,47.55,48.44,1800,13.13
2003-05-20,47.75,47.76,47.75,47.75,1500,12.94
2003-05-19,47.71,47.99,47.71,47.90,8100,12.98
2003-05-16,48.00,48.25,47.86,48.25,7200,13.07
2003-05-15,47.60,47.61,47.60,47.61,900,12.90
2003-05-14,47.98,47.99,47.45,47.70,2400,12.92
2003-05-13,47.54,47.98,47.35,47.89,7800,12.98
2003-05-12,47.15,47.85,47.15,47.30,6900,12.82
2003-05-09,47.00,47.34,47.00,47.34,12300,12.83
2003-05-08,46.85,46.85,46.60,46.60,900,12.63
2003-05-07,46.55,47.00,46.55,47.00,4500,12.73
2003-05-06,46.70,46.95,46.70,46.95,3000,12.72
2003-05-05,46.49,46.50,46.21,46.45,5700,12.59
2003-05-02,45.90,46.25,45.90,46.25,900,12.53
2003-05-01,45.20,45.39,44.90,45.39,14100,12.30
2003-04-30,45.29,45.44,45.21,45.21,1500,12.25
2003-04-29,45.37,45.45,45.00,45.00,4200,12.19
2003-04-28,44.87,45.65,44.87,45.65,5400,12.37
2003-04-25,44.85,44.85,44.85,44.85,600,12.15
2003-04-24,45.85,45.85,45.56,45.56,1200,12.34
2003-04-23,46.30,46.30,46.06,46.19,6300,12.52
2003-04-22,45.21,46.24,45.20,46.24,12900,12.53
2003-04-21,45.25,45.40,45.25,45.40,3000,12.30
2003-04-17,44.95,44.95,44.95,44.95,000,12.18
2003-04-16,45.45,45.45,44.95,44.95,5100,12.18
2003-04-15,45.20,45.45,45.10,45.40,6300,12.30
2003-04-14,45.00,45.25,45.00,45.01,2100,12.20
2003-04-11,44.81,45.09,44.81,45.09,2700,12.22
2003-04-10,45.10,45.10,45.10,45.10,600,12.22
2003-04-09,45.50,45.50,45.20,45.25,2100,12.26
2003-04-08,45.20,45.20,45.20,45.20,300,12.25
2003-04-07,45.75,46.00,45.16,45.16,5100,12.24
2003-04-04,45.65,45.65,45.64,45.64,2700,12.37
2003-04-03,45.49,45.50,45.10,45.10,900,12.22
2003-04-02,45.83,45.83,45.25,45.25,11700,12.26
2003-04-01,45.50,45.50,45.50,45.50,300,12.33
2003-03-31,45.05,45.05,44.90,44.90,2400,12.17
2003-03-28,45.25,45.65,45.25,45.35,4800,12.29
2003-03-27,44.75,45.25,44.75,45.25,5400,12.26
2003-03-26,45.35,45.55,45.35,45.55,3000,12.34
2003-03-25,45.25,45.35,45.20,45.35,7800,12.29
2003-03-24,45.30,45.30,44.45,44.69,6900,12.11
2003-03-21,45.40,45.55,45.30,45.30,2400,12.27
2003-03-20,44.85,45.25,44.50,45.10,7500,12.22
2003-03-19,44.75,44.75,44.75,44.75,2700,12.13
2003-03-18,44.00,44.55,44.00,44.55,1800,12.07
2003-03-17,44.69,44.80,44.69,44.80,2400,12.14
2003-03-14,43.95,44.15,43.55,43.55,47100,11.80
2003-03-13,43.45,43.45,43.45,43.45,600,11.77
2003-03-12,43.70,43.70,42.55,42.85,8100,11.61
2003-03-11,44.54,44.65,44.54,44.65,1200,12.10
2003-03-10,44.50,44.55,44.10,44.10,3300,11.95
2003-03-07,44.75,45.00,44.65,44.65,6000,12.10
2003-03-06,45.01,45.15,44.90,45.15,2400,12.23
2003-03-05,45.01,45.01,45.01,45.01,2400,12.20
2003-03-04,45.01,45.20,45.00,45.15,108600,12.23
2003-03-03,44.90,45.10,44.75,44.99,7800,12.19
2003-02-28,44.55,44.84,44.50,44.70,4500,12.11
2003-02-27,44.56,44.60,44.06,44.15,1800,11.96
2003-02-26,44.21,44.59,44.21,44.59,900,12.08
2003-02-25,44.95,44.95,44.26,44.36,110700,12.02
2003-02-24,44.70,44.89,44.70,44.89,3900,12.16
2003-02-21,44.33,44.76,44.33,44.76,5700,12.13
2003-02-20,44.03,44.05,43.86,43.86,2400,11.88
2003-02-19,44.02,44.02,43.60,43.60,11700,11.81
2003-02-18,43.46,44.50,43.46,44.24,22500,11.99
2003-02-14,43.55,43.55,43.34,43.34,6900,11.74
2003-02-13,42.79,43.40,42.79,43.40,1800,11.76
2003-02-12,43.63,43.63,42.95,42.95,3000,11.64
2003-02-11,43.82,44.15,43.82,44.15,3000,11.96
2003-02-10,43.79,43.79,43.71,43.71,600,11.84
2003-02-07,44.14,44.14,43.20,43.21,2700,11.71
2003-02-06,44.81,44.81,44.81,44.81,000,12.14
2003-02-05,45.10,45.10,44.81,44.81,900,12.14
2003-02-04,45.04,45.04,45.04,45.04,000,12.20
2003-02-03,44.65,45.04,44.65,45.04,1800,12.20
2003-01-31,43.68,44.35,43.68,44.35,3900,12.02
2003-01-30,44.37,44.44,44.00,44.00,8400,11.92
2003-01-29,43.00,44.25,43.00,44.25,3000,11.99
2003-01-28,42.34,43.09,42.34,43.09,7800,11.68
2003-01-27,42.51,42.51,41.81,42.05,190200,11.39
2003-01-24,43.79,43.79,43.01,43.04,6300,11.66
2003-01-23,43.71,43.87,43.70,43.80,3600,11.87
2003-01-22,43.79,44.14,43.46,44.14,5400,11.96
2003-01-21,44.68,44.68,44.40,44.40,7800,12.03
2003-01-17,45.55,45.55,45.40,45.40,3900,12.30
2003-01-16,45.79,46.00,45.79,45.90,3900,12.44
2003-01-15,45.40,45.40,45.36,45.36,1200,12.29
2003-01-14,45.31,45.70,45.31,45.46,16500,12.32
2003-01-13,45.89,45.89,45.45,45.55,3600,12.34
2003-01-10,45.91,45.91,45.91,45.91,300,12.44
2003-01-09,45.30,46.30,45.30,46.30,3000,12.55
2003-01-08,45.65,45.65,45.35,45.35,44400,12.29
2003-01-07,46.94,46.94,46.01,46.35,15300,12.56
2003-01-06,47.39,47.69,47.20,47.69,3900,12.92
2003-01-03,46.75,46.79,46.46,46.69,21900,12.65
2003-01-02,46.29,46.89,46.20,46.89,16500,12.71
2002-12-31,45.87,45.87,45.40,45.70,3900,12.38
2002-12-30,45.99,45.99,45.95,45.95,3300,12.45
2002-12-27,46.00,46.00,45.55,45.55,3000,12.34
2002-12-26,46.80,46.90,46.41,46.41,6900,12.57
2002-12-24,46.30,46.30,46.30,46.30,000,12.55
2002-12-23,46.45,46.54,46.30,46.30,3600,12.55
2002-12-20,46.65,46.84,46.65,46.74,6600,12.42
2002-12-19,46.13,46.13,46.13,46.13,000,12.26
2002-12-18,46.37,46.37,46.10,46.13,2100,12.26
2002-12-17,47.23,47.44,46.66,46.66,2400,12.40
2002-12-16,46.49,47.15,46.49,47.15,87900,12.53
2002-12-13,45.81,46.14,45.70,46.14,2400,12.26
2002-12-12,45.99,46.04,45.71,45.71,900,12.14
2002-12-11,45.69,45.99,45.69,45.79,18300,12.17
2002-12-10,45.11,45.11,45.11,45.11,300,11.98
2002-12-09,45.99,46.14,45.34,45.34,3300,12.05
2002-12-06,45.54,46.09,45.54,46.09,4800,12.25
2002-12-05,45.79,45.79,45.26,45.44,5400,12.07
2002-12-04,45.76,45.76,45.76,45.76,000,12.16
2002-12-03,45.26,45.94,45.26,45.76,3600,12.16
2002-12-02,45.06,45.29,44.95,45.29,12900,12.03
2002-11-29,45.58,45.58,45.26,45.26,5700,12.02
2002-11-27,45.35,45.54,45.10,45.40,12600,12.06
2002-11-26,44.61,44.64,43.85,43.85,5700,11.65
2002-11-25,44.46,45.35,44.46,45.34,27000,12.05
2002-11-22,45.68,45.68,44.86,45.10,25800,11.98
2002-11-21,45.99,45.99,45.84,45.84,8100,12.18
2002-11-20,45.10,45.74,45.10,45.74,3000,12.15
2002-11-19,45.69,45.89,45.34,45.34,5100,12.05
2002-11-18,45.31,45.49,45.20,45.20,2700,12.01
2002-11-15,44.63,44.89,44.63,44.89,14100,11.93
2002-11-14,43.92,44.88,43.92,44.88,4800,11.92
2002-11-13,44.31,44.31,43.31,43.31,4500,11.51
2002-11-12,44.83,44.88,44.59,44.64,6900,11.86
2002-11-11,45.04,45.04,44.76,44.90,15900,11.93
2002-11-08,44.61,44.84,44.61,44.61,3900,11.85
2002-11-07,44.56,44.79,43.91,43.91,5400,11.67
2002-11-06,44.71,44.94,44.69,44.94,3900,11.94
2002-11-05,44.54,45.24,44.54,45.24,3300,12.02
2002-11-04,44.81,45.04,44.21,44.21,2400,11.75
2002-11-01,44.60,44.98,44.60,44.98,3900,11.95
2002-10-31,44.76,44.99,44.01,44.01,21300,11.69
2002-10-30,43.91,44.64,43.76,44.64,65100,11.86
2002-10-29,43.16,43.25,42.40,42.81,20400,11.37
2002-10-28,44.46,44.84,44.00,44.01,84300,11.69
2002-10-25,44.38,45.04,44.21,45.04,37500,11.97
2002-10-24,45.31,45.31,44.35,44.41,83700,11.80
2002-10-23,44.26,45.35,44.11,45.34,74100,12.05
2002-10-22,45.16,45.44,44.51,44.61,52500,11.85
2002-10-21,46.11,46.94,46.05,46.41,8700,12.33
2002-10-18,46.56,46.69,46.34,46.34,2700,12.31
2002-10-17,46.79,47.10,46.74,47.10,17100,12.51
2002-10-16,46.11,46.11,45.25,45.36,41400,12.05
2002-10-15,45.96,46.65,45.96,46.35,17400,12.31
2002-10-14,44.94,44.94,44.61,44.94,2700,11.94
2002-10-11,44.48,44.80,44.30,44.80,6000,11.90
2002-10-10,43.04,44.04,42.50,44.04,40200,11.70
2002-10-09,42.54,43.29,42.25,42.25,63900,11.22
2002-10-08,44.37,44.37,43.01,43.74,41700,11.62
2002-10-07,44.70,45.04,44.15,44.15,9600,11.73
2002-10-04,44.84,44.84,44.45,44.74,21600,11.89
2002-10-03,45.64,45.64,45.24,45.34,2100,12.05
2002-10-02,46.06,46.44,44.91,44.91,41700,11.93
2002-10-01,44.74,45.74,44.74,45.74,5400,12.15
2002-09-30,44.00,44.24,43.20,44.24,7500,11.75
2002-09-27,45.35,45.99,44.62,44.62,6600,11.85
2002-09-26,44.36,45.04,44.36,45.04,3900,11.97
2002-09-25,43.39,43.94,43.39,43.89,3600,11.66
2002-09-24,43.20,43.59,43.20,43.25,1800,11.49
2002-09-23,44.25,44.29,43.90,43.90,18300,11.66
2002-09-20,44.69,44.69,44.24,44.54,5700,11.83
2002-09-19,44.54,44.79,44.35,44.65,9000,11.86
2002-09-18,45.00,45.00,44.60,44.60,3300,11.85
2002-09-17,46.74,46.74,45.24,45.24,9900,12.02
2002-09-16,46.60,46.71,46.40,46.70,29700,12.41
2002-09-13,45.95,46.64,45.94,46.64,4800,12.39
2002-09-12,47.30,47.30,46.25,46.25,6300,12.29
2002-09-11,47.86,47.94,47.30,47.54,11100,12.63
2002-09-10,47.34,47.34,47.15,47.19,3000,12.54
2002-09-09,46.75,46.75,46.16,46.54,3600,12.36
2002-09-06,47.04,47.04,47.04,47.04,600,12.50
2002-09-05,45.29,46.04,45.29,45.85,18600,12.18
2002-09-04,45.00,45.65,45.00,45.63,5700,12.12
2002-09-03,45.91,46.24,45.91,46.24,7500,12.28
2002-08-30,47.75,47.75,47.75,47.75,000,12.69
2002-08-29,47.70,48.04,47.70,47.75,7200,12.69
2002-08-28,49.13,49.13,48.29,48.29,7500,12.83
2002-08-27,50.14,50.25,49.55,49.55,18000,13.16
2002-08-26,48.84,48.84,48.84,48.84,000,12.98
2002-08-23,49.08,49.08,48.84,48.84,1200,12.98
2002-08-22,48.94,49.34,48.94,49.19,5400,13.07
2002-08-21,48.89,48.99,48.50,48.99,8400,13.02
2002-08-20,49.19,49.20,48.29,48.64,5100,12.92
2002-08-19,49.19,49.68,49.19,49.68,13500,13.20
2002-08-16,49.15,49.34,48.85,49.09,8400,13.04
2002-08-15,48.91,49.34,48.91,49.34,3600,13.11
2002-08-14,48.26,48.50,48.26,48.50,900,12.89
2002-08-13,48.14,48.14,47.49,47.49,3300,12.62
2002-08-12,47.41,47.99,47.41,47.99,2100,12.75
2002-08-09,46.94,48.34,46.88,48.01,6900,12.76
2002-08-08,46.69,46.69,46.36,46.59,900,12.38
2002-08-07,45.49,45.49,45.31,45.31,600,12.04
2002-08-06,44.94,45.54,44.75,45.54,75000,12.10
2002-08-05,45.21,45.65,43.94,43.94,15900,11.67
2002-08-02,45.89,45.89,44.90,45.30,63300,12.04
2002-08-01,46.56,46.90,45.74,45.74,6000,12.15
2002-07-31,46.79,47.45,46.50,47.45,37500,12.61
2002-07-30,47.04,47.04,46.60,46.60,1800,12.38
2002-07-29,46.36,46.79,46.35,46.79,3600,12.43
2002-07-26,44.39,44.94,44.30,44.94,2400,11.94
2002-07-25,44.09,44.90,43.64,44.30,115800,11.77
2002-07-24,42.19,42.19,42.19,42.19,000,11.21
2002-07-23,42.65,42.94,41.65,42.19,12900,11.21
2002-07-22,44.32,44.74,42.11,42.11,8100,11.19
2002-07-19,45.99,45.99,44.46,44.46,5400,11.81
2002-07-18,48.09,48.54,48.09,48.24,3000,12.82
2002-07-17,48.45,48.45,47.70,47.70,8100,12.67
2002-07-16,47.11,47.60,46.45,47.60,69600,12.65
2002-07-15,47.70,47.70,46.15,47.35,54000,12.58
2002-07-12,49.65,49.70,48.75,49.00,66000,13.02
2002-07-11,50.60,50.60,49.76,49.84,7200,13.24
2002-07-10,51.81,51.89,50.99,51.04,37800,13.56
2002-07-09,53.30,53.39,53.25,53.25,46500,14.15
2002-07-08,53.32,53.32,53.25,53.25,2700,14.15
2002-07-05,52.79,53.50,52.79,53.50,3000,14.21
2002-07-03,51.85,52.00,51.85,52.00,29700,13.82
2002-07-02,52.75,52.75,52.35,52.45,113700,13.93
2002-07-01,53.65,53.65,53.41,53.45,18600,14.20
2002-06-28,52.90,53.54,52.90,53.45,180600,14.20
2002-06-27,52.15,52.48,51.74,52.48,127200,13.94
2002-06-26,51.84,52.09,51.76,52.05,196500,13.83
2002-06-25,52.56,52.60,51.90,51.90,62700,13.79
2002-06-24,51.92,51.92,51.31,51.75,114900,13.75
2002-06-21,51.35,51.49,51.35,51.49,75300,13.68
2002-06-20,52.30,52.35,51.90,51.90,256500,13.79
2002-06-19,52.04,52.05,51.50,51.55,183000,13.70
2002-06-18,52.49,52.49,52.20,52.29,62100,13.89
2002-06-17,51.36,52.14,51.35,52.14,2400,13.85
2002-06-14,50.25,50.80,50.25,50.80,179100,13.50
2002-06-13,51.00,51.70,51.00,51.70,2700,13.74
2002-06-12,51.36,51.36,51.36,51.36,300,13.65
2002-06-11,51.81,51.81,51.25,51.25,123900,13.62
2002-06-10,51.40,51.40,51.40,51.40,4500,13.66
2002-06-07,51.60,52.05,51.60,52.05,69000,13.83
2002-06-06,51.80,51.80,51.80,51.80,30000,13.76
2002-06-05,51.96,52.10,51.89,52.05,12900,13.83
2002-06-04,52.68,52.68,52.15,52.15,41100,13.86
2002-06-03,53.54,53.54,53.05,53.05,10200,14.09
2002-05-31,53.44,53.52,53.44,53.52,1500,14.22
2002-05-30,53.34,53.34,52.75,52.75,33300,14.01
2002-05-29,53.49,53.49,53.44,53.44,3600,14.20
2002-05-28,53.50,53.50,53.50,53.50,300,14.21
2002-05-24,54.21,54.21,54.04,54.04,1500,14.36
2002-05-23,54.00,54.05,53.96,54.05,4200,14.36
2002-05-22,53.59,53.80,53.59,53.76,38700,14.28
2002-05-21,53.84,53.84,53.84,53.84,1200,14.30
2002-05-20,53.92,53.92,53.55,53.69,3900,14.26
2002-05-17,53.71,53.74,53.71,53.74,1500,14.28
2002-05-16,53.55,53.55,53.55,53.55,000,14.23
2002-05-15,53.91,53.91,53.55,53.55,108600,14.23
2002-05-14,54.14,54.19,53.90,54.06,4800,14.36
2002-05-13,53.39,53.70,53.39,53.70,60600,14.27
2002-05-10,53.00,53.00,53.00,53.00,000,14.08
2002-05-09,53.14,53.14,53.00,53.00,76200,14.08
2002-05-08,52.75,53.25,52.75,53.25,150000,14.15
2002-05-07,52.39,52.65,52.39,52.65,32100,13.99
2002-05-06,53.54,53.54,52.85,52.85,61200,14.04
2002-05-03,54.05,54.10,54.00,54.09,16800,14.37
2002-05-02,53.05,53.19,53.05,53.19,2700,14.13
2002-05-01,52.75,53.19,52.75,53.19,8400,14.13
2002-04-30,52.91,52.91,52.91,52.91,300,14.06
2002-04-29,52.50,52.50,52.50,52.50,300,13.95
2002-04-26,52.60,52.64,52.50,52.50,3600,13.95
2002-04-25,52.50,52.70,52.50,52.70,5400,14.00
2002-04-24,52.76,52.76,52.71,52.71,3600,14.00
2002-04-23,53.34,53.34,53.34,53.34,300,14.17
2002-04-22,53.71,53.71,53.69,53.69,4800,14.26
2002-04-19,53.65,53.65,53.63,53.63,900,14.25
2002-04-18,53.91,53.91,53.79,53.80,2100,14.29
2002-04-17,53.24,53.24,53.24,53.24,000,14.14
2002-04-16,52.90,53.24,52.90,53.24,1200,14.14
2002-04-15,52.27,52.64,52.27,52.64,900,13.99
2002-04-12,52.63,52.63,51.60,51.74,19500,13.75
2002-04-11,53.20,53.20,52.96,52.96,15900,14.07
2002-04-10,53.30,53.31,53.20,53.31,23100,14.16
2002-04-09,53.60,53.60,52.98,53.01,13200,14.08
2002-04-08,53.49,53.84,53.49,53.60,6300,14.24
2002-04-05,53.56,53.69,53.31,53.31,5700,14.16
2002-04-04,55.54,55.54,53.51,53.51,60900,14.22
2002-04-03,55.30,55.35,54.88,54.88,37800,14.58
2002-04-02,55.34,55.59,55.34,55.49,42300,14.74
2002-04-01,55.04,55.09,54.94,55.04,14400,14.62
2002-03-28,54.50,54.80,54.50,54.64,5400,14.52
2002-03-27,54.20,54.34,54.20,54.34,7200,14.44
2002-03-26,53.69,53.69,53.69,53.69,300,14.26
2002-03-25,53.58,53.58,53.31,53.31,7200,14.16
2002-03-22,53.95,53.95,53.95,53.95,6000,14.33
2002-03-21,54.11,54.44,54.11,54.44,900,14.46
2002-03-20,54.60,54.70,54.45,54.54,9600,14.49
2002-03-19,54.78,54.78,54.64,54.69,3900,14.53
2002-03-18,54.29,54.50,54.24,54.24,28500,14.41
2002-03-15,53.94,54.35,53.94,54.35,5100,14.44
2002-03-14,53.94,53.94,53.56,53.56,4800,14.23
2002-03-13,54.28,54.28,53.90,54.04,6600,14.36
2002-03-12,53.83,54.09,53.60,54.09,6600,14.37
2002-03-11,53.74,53.80,53.66,53.76,2700,14.28
2002-03-08,53.73,53.80,53.09,53.14,3900,14.12
2002-03-07,53.48,53.50,53.18,53.45,9300,14.20
2002-03-06,52.56,52.86,52.56,52.86,2400,14.04
2002-03-05,52.34,52.34,52.29,52.34,4800,13.91
2002-03-04,52.04,52.38,52.04,52.38,2700,13.92
2002-03-01,51.48,51.69,51.48,51.69,4800,13.73
2002-02-28,50.91,51.34,50.91,51.34,15600,13.64
2002-02-27,51.14,51.14,51.14,51.14,25800,13.59
2002-02-26,50.64,50.75,50.64,50.75,1800,13.48
2002-02-25,50.49,50.58,50.38,50.58,33300,13.44
2002-02-22,49.29,49.29,49.29,49.29,300,13.10
2002-02-21,48.96,49.30,48.95,49.25,33000,13.08
2002-02-20,49.03,49.03,49.03,49.03,000,13.03
2002-02-19,49.08,49.08,49.03,49.03,1500,13.03
2002-02-15,49.58,49.60,49.55,49.55,6000,13.16
2002-02-14,48.52,48.52,48.52,48.52,000,12.89
2002-02-13,48.52,48.52,48.52,48.52,1500,12.89
2002-02-12,48.54,48.54,48.54,48.54,300,12.90
2002-02-11,48.08,48.08,48.08,48.08,000,12.77
2002-02-08,48.08,48.08,48.08,48.08,000,12.77
2002-02-07,48.08,48.08,48.08,48.08,000,12.77
2002-02-06,48.08,48.08,48.08,48.08,000,12.77
2002-02-05,48.08,48.08,48.08,48.08,2400,12.77
2002-02-04,48.98,48.98,48.98,48.98,300,13.01
2002-02-01,47.40,47.40,47.40,47.40,000,12.59
2002-01-31,47.40,47.40,47.40,47.40,000,12.59
2002-01-30,47.40,47.40,47.40,47.40,300,12.59
2002-01-29,47.54,47.54,47.54,47.54,300,12.63
2002-01-28,48.83,48.83,48.83,48.83,1500,12.97
2002-01-25,48.12,48.12,48.12,48.12,300,12.78
2002-01-24,48.03,48.03,48.03,48.03,300,12.76
2002-01-23,47.20,47.20,47.20,47.20,1500,12.54
2002-01-22,46.95,46.95,46.95,46.95,000,12.47
2002-01-18,46.95,46.95,46.95,46.95,300,12.47
2002-01-17,47.33,47.33,47.33,47.33,900,12.57
2002-01-16,47.20,47.20,47.20,47.20,1500,12.54
2002-01-15,47.23,47.23,47.23,47.23,000,12.55
2002-01-14,47.34,47.34,47.23,47.23,1800,12.55
2002-01-11,47.93,47.93,47.93,47.93,600,12.73
2002-01-10,48.00,48.04,48.00,48.04,1500,12.76
2002-01-09,48.27,48.39,48.27,48.30,4200,12.83
2002-01-08,48.58,48.58,48.48,48.48,1500,12.88
2002-01-07,48.89,48.89,48.77,48.85,6000,12.98
2002-01-04,49.03,49.13,49.03,49.13,900,13.05
2002-01-03,49.10,49.10,48.94,48.95,9900,13.00
2002-01-02,48.76,48.76,48.46,48.74,4200,12.95
2001-12-31,49.47,49.47,49.47,49.47,1500,13.14
2001-12-28,49.60,49.68,49.50,49.50,11100,13.15
2001-12-27,49.06,49.49,49.06,49.23,5700,13.08
2001-12-26,47.58,47.58,47.58,47.58,000,12.64
2001-12-24,47.58,47.58,47.58,47.58,600,12.64
2001-12-21,48.17,48.29,48.17,48.23,7800,12.79
2001-12-20,47.34,47.34,47.34,47.34,000,12.56
2001-12-19,47.15,47.34,47.15,47.34,32400,12.56
2001-12-18,47.33,47.33,47.08,47.08,900,12.49
2001-12-17,46.99,46.99,46.99,46.99,900,12.47
2001-12-14,46.89,46.89,46.89,46.89,000,12.44
2001-12-13,46.89,46.89,46.89,46.89,000,12.44
2001-12-12,46.75,46.89,46.75,46.89,60300,12.44
2001-12-11,47.70,47.70,47.70,47.70,000,12.65
2001-12-10,47.70,47.70,47.70,47.70,000,12.65
2001-12-07,47.55,47.70,47.55,47.70,63000,12.65
2001-12-06,48.60,48.60,48.60,48.60,600,12.89
2001-12-05,47.59,47.59,47.59,47.59,000,12.62
2001-12-04,47.59,47.59,47.59,47.59,000,12.62
2001-12-03,47.59,47.59,47.59,47.59,300,12.62
2001-11-30,47.20,47.20,47.20,47.20,3000,12.52
2001-11-29,46.54,46.54,46.54,46.54,000,12.35
2001-11-28,46.45,46.54,46.45,46.54,1800,12.35
2001-11-27,46.50,47.10,46.25,47.05,10200,12.48
2001-11-26,46.83,46.83,46.83,46.83,3300,12.42